student_id,minutes_watched
9,0.07
16,2.0
19,2.45
20,0.37
21,0.08
66,0.72
132,71.92
213,8.65
480,2.88
548,0.12
560,1.37
563,0.3
606,18.12
609,0.57
612,0.05
615,18.93
665,2.53
675,2.68
696,7.77
767,0.05
777,0.05
818,76.5
857,19.48
895,18.45
902,34.62
1020,0.83
1067,0.27
1075,4.27
1233,16.77
1251,5.05
1252,0.37
1258,3.22
1290,0.1
1307,5.5
1414,60.1
1476,35.95
1481,30.05
1496,20.83
1516,6.42
1543,8.18
1571,77.6
1576,0.6
1612,0.37
1613,2.75
1762,0.5
1805,0.43
1843,27.77
1876,0.03
1882,11.3
1883,0.83
1946,6.48
1965,13.67
1967,0.07
1986,0.07
2000,59.7
2058,0.42
2125,0.13
2147,105.37
2247,0.45
2252,1.42
2389,2.08
2418,0.57
2454,5.38
2462,7.22
2495,0.18
2520,1.37
2539,0.37
2549,40.22
2608,6.1
2622,15.87
2639,3.47
2746,20.53
2788,44.87
2802,26.35
2844,0.88
2897,0.43
2901,0.7
2979,36.9
3008,11.95
3030,50.2
3059,37.0
3107,27.43
3129,0.18
3152,0.08
3166,0.6
3182,0.13
3227,3.0
3231,0.25
3258,2.5
3271,0.95
3304,13.35
3315,5.52
3337,26.15
3437,101.35
3469,7.98
3495,0.08
3569,35.2
3670,2.67
3711,8.13
3732,0.1
3761,9.18
3776,1.92
3808,0.05
3825,0.35
3837,19.17
3878,2.03
3894,0.18
3947,0.3
3993,4.37
4016,21.2
4028,0.2
4029,0.05
4032,1.2
4033,0.13
4150,4.53
4232,0.22
4240,0.12
4264,0.27
4335,0.25
4419,0.97
4584,0.18
4648,33.12
4682,0.88
4765,4.48
4808,1.07
4818,33.58
4847,33.6
4875,0.97
4881,2.57
4892,2.75
4928,0.35
4933,0.05
4942,33.97
4945,0.78
5016,12.05
5033,1.12
5069,6.58
5103,59.17
5225,0.07
5287,2.9
5331,1.18
5377,0.1
5400,3.33
5444,0.6
5472,0.37
5538,0.13
5548,13.63
5549,0.38
5592,0.13
5683,6.57
5750,0.38
5879,0.12
5882,4.72
5891,7.33
5902,0.55
6012,6.45
6033,0.08
6111,18.2
6175,0.35
6204,0.25
6254,0.15
6260,0.38
6336,5.73
6362,25.88
6368,42.02
6381,0.32
6403,0.18
6426,0.12
6452,3.2
6453,19.73
6583,12.12
6598,35.17
6608,15.82
6617,0.28
6619,9.12
6660,0.32
6691,0.85
6715,32.88
6741,32.97
6758,0.33
6764,0.12
6772,0.12
6780,2.2
6813,0.25
6864,6.02
6865,3.3
7050,1.08
7201,0.1
7248,12.23
7316,0.07
7351,0.68
7374,24.1
7395,1.2
7400,9.5
7414,13.2
7421,0.48
7455,0.1
7584,1.2
7588,8.63
7622,1.2
7666,0.27
7690,71.83
7708,0.27
7746,0.78
7909,0.08
8083,0.13
8086,0.05
8197,0.3
8275,62.65
8335,25.75
8398,8.68
8413,0.78
8431,1.62
8585,3.47
8633,0.15
8635,41.2
8641,24.15
8686,0.22
8709,1.3
8785,64.57
8788,0.08
8877,0.18
8934,6.4
8969,2.08
9031,1.55
9044,1.3
9099,2.07
9151,6.08
9248,0.27
9280,0.92
9293,17.27
9387,13.43
9531,11.48
9594,0.15
9687,0.55
9734,40.53
9766,0.2
9806,14.13
9908,5.27
9944,5.35
10055,0.05
10070,0.45
10073,3.37
10076,0.18
10107,0.13
10149,17.67
10188,14.25
10226,0.92
10229,1.37
10255,14.08
10306,6.3
10539,16.62
10547,0.13
10549,6.92
10587,10.67
10593,3.95
10612,0.4
10837,27.58
10890,6.03
10902,0.23
10913,0.87
10949,105.03
10958,62.7
11016,20.42
11020,41.17
11025,7.53
11045,1.07
11112,6.98
11220,27.05
11225,0.12
11345,0.37
11404,96.17
11484,12.68
11528,5.65
11586,57.82
11598,0.13
11813,0.45
11826,3.67
11829,57.45
11835,0.73
11887,71.92
11934,38.32
11991,4.92
12011,0.22
12032,0.08
12122,2.68
12128,0.53
12205,4.28
12237,7.1
12246,1.45
12372,0.32
12382,0.22
12432,0.17
12446,12.9
12544,5.05
12634,13.73
12668,1.27
12701,0.1
12741,11.17
12745,1.27
12780,0.05
12807,18.77
12891,0.05
12898,87.75
12946,33.15
12996,0.17
13008,4.9
13090,25.57
13096,0.3
13128,6.78
13151,6.05
13211,0.15
13232,0.27
13248,0.1
13307,16.75
13487,0.05
13586,1.05
13615,0.95
13621,0.15
13628,0.27
13642,0.33
13738,95.5
13752,32.85
13772,14.58
13812,1.45
13832,1.78
13870,10.18
13929,0.05
13948,1.93
14054,0.07
14198,0.25
14211,8.53
14234,0.8
14283,0.08
14306,0.05
14310,89.45
14354,2.93
14369,0.67
14383,0.32
14385,68.07
14446,6.28
14512,0.1
14577,8.32
14590,2.4
14851,3.43
14874,0.07
14942,3.6
14976,9.23
15228,5.38
15250,24.47
15303,11.27
15408,0.07
15478,50.05
15481,0.12
15605,5.68
15626,0.07
15705,0.18
15787,10.02
15794,0.1
15874,0.07
15889,9.92
15911,0.55
15926,0.45
15942,0.5
16165,22.32
16231,3.97
16287,1.03
16565,6.4
16611,60.07
16902,0.82
17006,0.05
17123,5.93
17126,40.32
17394,0.22
17557,0.87
17632,19.42
17716,0.18
17785,0.13
17866,4.18
17881,59.23
18004,7.3
18012,0.38
18204,0.12
18311,1.32
18555,0.18
18594,0.05
18700,4.13
18710,0.08
19001,19.05
19128,103.65
19256,0.17
19269,16.45
19449,23.7
19548,6.7
19577,7.28
19603,0.25
19677,60.83
19732,0.73
19737,12.82
19741,0.42
19742,0.1
19858,0.07
19878,11.62
20041,0.97
20065,0.23
20125,3.35
20218,0.82
20228,0.15
20365,0.17
20403,1.72
20404,0.37
20420,59.03
20427,0.5
20455,1.35
20520,7.0
20595,0.08
20777,34.37
20811,59.42
20817,31.32
20824,3.72
20860,2.55
20885,4.63
21253,0.12
21409,0.87
21433,4.0
21482,27.12
21515,9.25
21559,0.22
21603,104.92
21684,0.9
21827,0.08
21844,14.52
21869,96.15
22083,71.82
22161,0.07
22194,10.37
22239,0.93
22274,66.63
22622,0.1
22670,0.07
22708,0.35
22746,0.5
22774,4.38
22821,1.92
22844,0.07
22852,33.15
22959,0.48
22961,0.15
23036,3.8
23139,3.82
23548,27.68
23578,1.2
23584,14.65
23609,0.15
23805,99.32
23891,0.18
24023,0.47
24092,0.3
24121,4.12
24159,0.07
24165,11.97
24264,0.43
24276,6.07
24328,0.08
24419,0.75
24485,21.38
24509,58.37
24523,0.9
24564,15.08
24597,0.17
24720,0.1
24731,0.08
24738,0.07
24739,7.85
24748,1.37
24774,0.05
24778,0.08
24849,0.05
24883,1.68
24972,19.53
25103,0.18
25132,0.1
25280,0.95
25316,0.48
25769,7.38
25920,0.12
25966,0.32
26002,7.48
26063,9.07
26179,49.25
26188,0.25
26296,0.22
26867,1.43
26907,12.22
26949,3.2
27367,0.18
27499,0.1
27673,28.32
27775,5.08
27780,0.67
27832,5.9
27851,1.1
27937,0.23
28018,53.82
28025,7.53
28080,0.13
28322,0.27
28568,0.62
28630,4.93
29264,11.68
29444,37.47
29740,0.85
29993,12.32
30084,0.05
30159,0.07
30195,41.82
30320,0.07
30545,0.17
30556,0.08
30636,0.07
30809,36.73
31021,0.05
31246,6.57
31356,6.25
31366,51.82
31490,5.2
31491,0.58
31780,61.3
32008,0.07
32014,17.92
32027,49.02
32033,0.47
32124,0.28
32150,0.18
32178,0.67
32339,6.95
32882,1.6
32918,0.08
33001,0.1
33088,2.83
33090,0.32
33178,0.07
33257,10.03
33474,9.43
33945,6.33
34394,0.08
34619,0.05
34699,58.55
34714,19.43
34719,6.6
34838,8.33
34912,0.38
35148,0.27
35223,7.47
35335,0.8
35690,0.62
36300,49.43
36738,0.33
36784,0.1
36902,2.52
37381,0.08
37529,1.07
38021,0.67
38232,1.33
38481,9.03
38507,17.05
39002,16.63
39073,0.28
39090,0.22
39208,42.8
39298,8.88
39688,109.42
39692,0.12
39769,0.2
40223,0.15
40679,0.62
40735,0.05
41103,17.23
41393,0.23
41418,0.48
41627,1.0
41789,0.48
41851,0.05
41920,35.25
41949,33.12
42092,0.2
42236,0.18
42281,0.23
42491,47.43
42509,0.08
42546,1.53
42557,1.5
42613,2.02
42622,0.28
42831,0.45
42833,0.12
42944,2.87
43094,7.47
43136,5.78
43171,0.67
43612,2.45
43828,2.5
44106,18.47
44751,0.05
45277,45.77
45350,0.57
45417,11.07
46421,0.2
46607,0.13
46807,1.15
47436,4.55
47760,0.6
47942,10.8
48106,0.32
48510,0.08
48515,0.77
48680,0.13
49122,0.07
49141,1.67
49262,0.32
49639,2.48
50116,33.83
50317,0.42
50833,3.08
50836,64.02
50954,5.4
51686,0.12
51695,0.15
51947,0.05
52002,7.02
52227,5.78
52523,85.02
52524,0.45
52873,0.22
52892,0.4
53325,0.83
53418,61.9
53505,0.33
53770,2.02
53809,1.32
53862,52.85
54036,0.62
54643,0.05
54665,0.05
54875,0.05
55030,1.95
55342,0.1
55958,0.38
56047,13.25
56125,0.13
56168,4.32
56235,43.27
56455,2.02
57060,0.05
57113,69.68
57131,5.57
57499,16.0
57522,66.9
58014,6.03
58447,0.25
58737,0.07
58764,30.93
59019,3.1
59185,0.1
59459,3.68
59695,0.07
60092,0.07
60149,0.6
60248,5.85
60674,3.12
60993,0.33
61094,1.78
61336,6.02
61445,0.85
61522,0.05
61796,0.2
61806,0.63
61845,0.07
62050,0.07
62186,48.77
62255,4.13
62440,0.35
62471,0.05
62525,8.4
62841,0.05
62851,0.88
62992,0.07
63292,0.2
63531,23.5
63538,0.1
63982,0.67
64044,0.32
64065,0.17
64278,0.2
65552,7.87
65857,107.72
66224,9.1
66308,0.42
66318,65.38
66969,0.97
67407,0.07
67417,0.93
67824,1.85
68107,1.92
68727,13.67
69196,8.05
69653,1.08
70359,0.8
70381,0.42
70495,0.17
70982,1.3
71086,0.08
71099,2.53
71284,31.28
71422,0.38
71772,29.5
71841,39.75
72221,15.92
72262,0.3
72348,0.12
72596,20.13
72838,0.48
73204,2.27
73239,0.05
73386,0.08
73462,19.23
74005,2.93
74441,0.25
74504,0.12
74663,2.97
74839,0.27
74934,7.02
74935,35.1
74943,0.05
75252,0.13
75257,15.0
76251,0.05
76408,2.47
76875,0.05
76959,0.08
77001,0.13
77060,7.05
77476,36.55
78210,72.72
78303,0.48
78340,0.25
78541,0.15
78726,0.17
79351,0.12
79529,0.05
80675,0.17
81089,0.2
81399,3.25
81693,0.1
81892,8.08
82608,0.13
82842,0.68
83118,1.53
83182,0.13
83276,0.17
83847,0.1
83956,19.98
84962,0.17
86032,0.13
86428,0.05
86652,0.72
86823,34.67
87066,0.05
88448,53.65
88542,0.08
89147,0.05
89299,23.08
89656,5.57
90224,6.88
90450,0.48
90983,0.07
91571,0.28
91864,0.15
92582,23.7
92792,0.62
92809,2.73
93071,3.23
93079,0.22
93172,0.07
97140,0.83
97218,0.55
97286,0.57
98640,15.38
98698,5.75
98895,0.17
99032,6.08
99070,0.07
99125,4.18
99611,0.35
99883,17.1
101504,43.42
101722,0.67
102267,13.28
102544,0.05
102748,0.37
103665,0.27
103943,6.63
104453,8.05
104514,0.25
105316,0.33
105389,1.02
105478,0.17
105502,7.02
106257,5.87
106549,1.77
107350,0.37
107454,0.47
107852,12.1
108285,0.05
108299,0.05
108664,1.93
108710,18.85
108852,67.28
109018,2.15
109138,0.08
109301,0.28
110557,30.57
111858,0.05
112792,0.2
113207,0.25
113456,16.58
113759,1.13
113816,0.08
113947,0.08
114023,18.77
115218,0.48
116556,0.73
116980,7.02
117468,0.08
117636,0.07
118399,0.05
119972,0.08
121763,0.07
121843,30.38
122649,5.37
123043,0.3
123873,1.1
124344,0.4
124401,13.17
124444,55.78
124556,9.5
124913,0.45
125478,3.23
125873,1.28
126135,0.05
126978,41.5
127114,9.98
134943,10.52
135127,7.1
135358,0.22
135960,0.58
135990,0.88
136298,0.2
136673,0.8
136737,8.78
136792,3.18
136857,7.97
137457,0.7
138025,1.85
138177,10.4
138384,0.05
138404,42.1
138587,0.72
138957,0.12
138989,43.58
139015,19.5
139154,15.35
139468,0.17
139683,74.95
139699,5.92
139968,0.7
140195,22.35
140465,0.52
140536,0.13
140547,52.78
140676,13.75
140938,25.55
141543,0.15
141567,0.35
141570,0.23
142447,2.35
142605,9.75
142822,0.12
142855,2.2
142907,1.3
143181,3.25
143378,4.3
143411,0.07
143420,0.15
143481,1.37
143488,36.92
143508,6.68
143585,0.43
143621,8.0
143655,6.63
143656,5.47
143658,0.15
143721,33.4
143780,0.05
143890,3.18
143965,0.05
143982,30.18
143984,2.72
143986,50.92
144023,16.92
144030,68.13
144072,0.07
144196,0.53
144199,0.38
144296,0.05
144321,0.28
144327,10.38
144333,1.77
144355,25.15
144397,37.23
144468,0.17
144472,5.68
144558,52.93
144572,8.62
144578,32.33
144617,7.75
144657,6.97
144692,3.23
144750,0.83
144771,4.62
144781,3.95
144836,31.58
144863,0.07
144925,1.58
144937,3.77
144965,1.27
144988,0.37
144997,0.33
144999,1.57
145002,0.1
145023,0.18
145085,20.85
145086,12.93
145095,0.07
145173,20.92
145184,5.13
145243,0.05
145264,32.72
145286,63.58
145295,0.05
145358,44.32
145376,1.13
145377,2.37
145401,0.07
145414,0.62
145418,22.63
145482,7.18
145496,0.08
145516,1.48
145561,20.87
145594,9.85
145610,3.1
145625,2.25
145654,2.58
145658,1.13
145665,110.08
145722,2.37
145726,6.15
145727,9.63
145777,33.52
145781,65.03
145848,0.18
145863,1.92
145890,0.1
145895,0.6
145902,2.67
145920,31.68
145930,16.05
145933,10.7
145941,38.28
145968,0.7
146012,28.3
146061,0.42
146066,0.1
146067,10.9
146092,23.98
146120,1.88
146122,0.98
146129,0.55
146141,95.55
146143,9.95
146158,1.33
146161,0.33
146202,0.27
146215,10.35
146247,0.15
146266,38.03
146279,6.15
146289,0.1
146306,86.8
146312,4.83
146316,0.32
146385,0.37
146388,0.22
146399,24.43
146400,7.0
146401,1.67
146409,1.28
146499,78.62
146549,13.77
146632,0.18
146642,0.08
146656,0.17
146669,8.27
146672,2.88
146675,1.45
146708,0.47
146736,0.98
146749,29.93
146756,40.28
146778,2.03
146797,67.07
146814,0.4
146816,0.67
146822,4.25
146836,4.53
146912,0.07
146925,74.45
146926,33.6
146929,2.33
146943,0.33
146965,3.45
146967,9.17
146984,2.72
147004,0.08
147046,0.13
147055,2.05
147080,57.22
147088,12.98
147089,7.78
147101,23.27
147103,17.93
147109,58.65
147131,0.15
147144,4.67
147147,13.57
147153,36.58
147156,67.25
147157,30.6
147188,5.67
147215,10.38
147220,0.18
147245,0.15
147262,30.07
147264,0.07
147275,14.28
147370,41.65
147373,0.28
147392,9.7
147406,0.45
147408,0.17
147411,8.73
147412,0.15
147421,10.98
147429,6.05
147466,0.12
147489,25.45
147535,1.98
147540,0.08
147558,23.48
147575,0.32
147578,0.15
147620,2.62
147639,55.9
147650,0.2
147656,7.92
147665,2.15
147693,3.87
147717,5.05
147748,1.6
147762,3.35
147768,1.87
147784,0.1
147787,4.97
147791,24.35
147796,49.93
147803,3.47
147829,2.5
147849,16.53
147862,0.65
147877,20.65
147883,59.03
147891,5.43
147898,11.62
147904,4.83
147918,7.85
147924,25.75
147925,0.6
147932,45.7
147933,0.55
147938,0.9
147941,0.23
147950,82.53
147954,10.25
147962,25.07
147963,0.1
147992,26.57
148006,24.83
148012,0.5
148060,55.52
148077,10.18
148079,8.72
148102,1.03
148107,36.18
148112,50.03
148119,19.35
148132,0.37
148133,23.67
148135,0.18
148137,0.15
148138,2.7
148142,45.72
148146,0.77
148148,4.57
148149,0.17
148150,1.28
148151,75.27
148153,0.48
148156,0.03
148157,13.68
148159,0.12
148162,0.48
148165,0.12
148166,9.63
148168,11.22
148170,0.25
148171,1.38
148172,0.85
148173,13.38
148174,0.47
148175,0.58
148176,0.57
148177,0.35
148178,0.23
148179,90.78
148180,0.05
148181,0.1
148182,33.2
148185,0.23
148186,0.1
148187,0.7
148189,0.68
148193,10.52
148195,1.8
148196,0.38
148197,0.92
148199,58.35
148200,0.08
148201,0.23
148202,2.72
148203,46.13
148207,0.12
148208,1.32
148212,0.23
148213,11.22
148214,21.05
148215,1.13
148217,24.98
148219,0.05
148220,0.1
148221,0.5
148223,1.07
148224,0.18
148225,1.23
148229,16.27
148230,0.1
148231,0.23
148232,1.4
148233,0.23
148234,59.58
148236,78.65
148237,0.33
148238,1.85
148239,0.4
148240,6.15
148245,6.65
148248,66.78
148250,0.23
148251,1.68
148252,55.52
148253,36.67
148254,83.9
148255,0.2
148256,34.65
148258,0.5
148259,5.6
148261,3.4
148264,51.33
148269,15.93
148270,0.58
148271,1.2
148275,10.57
148276,0.73
148277,1.43
148278,40.27
148281,0.85
148284,0.15
148286,10.6
148289,0.48
148290,72.72
148291,0.23
148292,19.65
148294,0.12
148295,4.75
148296,0.65
148298,1.27
148299,4.62
148302,32.1
148303,0.08
148307,1.97
148309,72.17
148310,0.47
148311,109.1
148312,81.98
148314,0.1
148318,0.68
148319,0.13
148320,14.8
148321,34.18
148324,18.92
148328,0.93
148333,20.28
148334,0.57
148336,1.58
148337,0.08
148338,15.08
148340,7.4
148341,10.0
148343,0.95
148345,0.53
148349,0.85
148350,6.25
148352,0.75
148353,0.48
148354,3.68
148355,33.38
148357,0.5
148361,8.72
148363,21.35
148367,42.73
148368,7.08
148370,1.25
148373,0.57
148374,6.53
148375,19.63
148380,0.27
148381,66.72
148387,0.07
148388,21.95
148390,39.05
148393,1.63
148394,0.2
148396,8.33
148397,0.13
148398,0.08
148399,0.42
148400,0.67
148403,29.37
148405,1.37
148406,37.95
148407,0.32
148408,31.05
148409,0.6
148410,17.75
148413,3.65
148415,0.4
148416,2.82
148418,2.58
148419,1.3
148421,14.95
148424,2.82
148426,0.33
148427,0.47
148428,0.78
148429,13.8
148431,32.48
148433,1.13
148435,6.07
148436,1.33
148440,0.1
148442,3.37
148443,16.13
148446,8.4
148447,7.67
148448,0.07
148449,0.7
148450,0.18
148451,0.07
148452,11.03
148453,1.95
148454,0.08
148458,5.17
148460,8.98
148461,0.03
148462,0.07
148465,0.25
148466,0.2
148469,0.83
148470,50.93
148472,37.65
148475,0.47
148479,12.82
148482,1.08
148485,1.57
148487,0.67
148489,0.07
148490,64.0
148491,66.42
148493,0.07
148494,0.57
148496,0.35
148499,15.73
148500,13.38
148501,0.15
148503,5.38
148505,2.55
148506,2.12
148507,1.68
148508,1.72
148509,1.9
148510,7.33
148511,0.63
148512,2.2
148515,0.22
148516,86.8
148517,1.12
148518,0.08
148519,0.3
148521,0.68
148522,33.37
148523,6.42
148524,5.48
148525,0.07
148529,0.47
148532,5.1
148533,0.45
148534,9.67
148535,29.75
148536,18.32
148537,0.78
148540,0.77
148541,0.05
148542,0.23
148544,56.95
148545,20.27
148546,6.13
148551,0.07
148552,0.15
148553,6.47
148554,1.58
148556,2.73
148557,0.6
148560,0.52
148564,0.6
148565,0.13
148566,53.62
148569,12.48
148570,0.13
148573,0.07
148578,36.23
148579,0.52
148582,0.32
148583,0.1
148585,24.93
148586,0.5
148587,0.1
148589,0.43
148590,1.97
148592,2.02
148593,7.83
148594,0.07
148599,1.27
148602,1.58
148604,11.97
148605,0.28
148608,5.42
148609,45.73
148613,0.17
148622,0.37
148623,65.68
148626,0.08
148627,0.4
148629,0.65
148634,0.9
148635,4.88
148636,51.47
148640,5.55
148641,3.22
148642,28.25
148645,9.83
148652,8.43
148654,5.47
148655,0.78
148656,56.57
148658,0.08
148660,12.33
148661,0.5
148662,77.25
148664,1.12
148666,0.23
148668,0.53
148674,6.65
148675,6.48
148676,5.12
148677,0.9
148680,1.78
148681,6.75
148682,3.37
148683,26.63
148684,7.4
148689,0.65
148691,0.22
148694,10.38
148701,29.47
148703,46.93
148704,22.88
148706,1.85
148707,0.63
148711,0.15
148713,0.15
148714,15.7
148717,0.42
148718,0.08
148719,7.68
148721,95.28
148724,34.77
148726,0.25
148727,5.1
148728,0.43
148729,50.08
148730,0.37
148732,0.43
148734,2.52
148735,83.22
148736,37.32
148737,0.88
148739,15.8
148740,35.6
148741,0.43
148743,0.93
148744,0.4
148746,1.0
148747,25.8
148750,0.28
148751,0.23
148753,42.92
148756,105.42
148757,0.63
148759,0.28
148760,61.78
148761,1.77
148762,5.23
148764,34.0
148765,0.82
148766,0.75
148767,5.9
148768,0.07
148769,1.3
148770,1.38
148773,1.18
148779,56.32
148781,0.07
148784,7.18
148790,0.4
148792,1.25
148794,0.72
148795,1.43
148796,0.18
148797,1.92
148802,25.92
148804,0.63
148805,13.38
148807,40.42
148808,3.47
148811,0.58
148813,98.53
148816,2.7
148818,0.07
148819,4.78
148822,21.65
148823,6.12
148824,4.15
148826,57.15
148830,0.7
148833,5.63
148834,12.28
148835,10.22
148836,36.08
148839,0.92
148840,5.47
148841,0.2
148843,4.47
148845,26.12
148846,56.35
148847,54.75
148848,72.52
148849,0.87
148850,0.27
148851,27.72
148855,0.3
148870,9.33
148871,2.17
148873,49.85
148877,0.33
148878,0.25
148879,0.38
148881,0.98
148887,4.23
148889,0.67
148890,0.92
148891,24.1
148895,10.08
148897,48.72
148898,29.3
148900,1.98
148903,40.22
148904,0.4
148906,20.48
148909,5.08
148910,1.88
148915,29.08
148916,1.98
148920,0.05
148923,97.68
148924,1.47
148925,25.2
148926,7.35
148928,1.82
148931,1.3
148934,33.13
148936,80.4
148938,0.63
148941,4.5
148942,1.07
148943,0.48
148949,0.53
148964,8.37
148966,22.68
148972,4.33
148977,80.47
148980,51.13
148981,5.45
148982,0.22
148983,0.65
148984,0.42
148988,33.87
148989,2.33
148990,14.52
148991,39.67
148992,8.82
148993,10.82
148994,61.97
148997,0.05
148999,14.32
149000,0.07
149002,85.1
149004,0.15
149005,0.5
149007,9.1
149010,20.55
149014,16.62
149016,0.1
149017,0.63
149019,0.35
149025,0.65
149026,0.85
149030,85.98
149031,0.3
149032,11.08
149033,62.38
149035,27.25
149036,0.08
149040,0.93
149042,51.03
149043,16.93
149045,12.97
149046,1.4
149047,2.58
149050,89.32
149051,0.75
149053,3.77
149055,2.83
149059,6.8
149061,0.08
149062,0.95
149063,2.47
149068,5.28
149073,0.7
149074,1.97
149079,2.7
149084,0.23
149085,30.5
149087,1.18
149088,5.45
149089,0.2
149090,0.2
149091,87.35
149092,8.7
149093,2.65
149094,12.12
149095,46.77
149098,13.37
149099,9.5
149100,18.47
149101,20.77
149103,50.0
149104,6.22
149105,22.33
149111,0.6
149112,2.23
149113,1.88
149115,12.37
149116,0.88
149118,3.33
149119,13.58
149126,0.22
149127,0.07
149128,0.05
149133,5.18
149134,0.22
149136,0.63
149137,0.13
149139,0.93
149141,0.23
149147,1.48
149148,4.12
149165,0.88
149167,5.92
149168,58.8
149169,0.45
149171,6.2
149173,10.1
149175,0.62
149178,5.42
149180,0.07
149181,0.42
149185,0.15
149186,0.7
149187,18.13
149188,12.33
149191,8.58
149203,2.68
149206,19.67
149207,0.43
149210,0.08
149211,2.1
149215,18.17
149221,0.83
149222,0.6
149226,3.55
149227,0.08
149232,0.08
149234,8.15
149235,0.07
149239,0.93
149245,3.98
149246,0.63
149254,0.17
149255,6.23
149257,10.97
149258,0.83
149259,0.05
149261,0.08
149262,66.33
149266,0.65
149267,4.32
149269,0.4
149273,1.43
149275,0.08
149276,52.68
149282,53.25
149284,39.37
149285,0.63
149287,5.15
149291,17.82
149297,1.4
149298,0.05
149299,3.13
149305,16.48
149309,2.2
149314,10.3
149322,3.17
149323,0.25
149324,0.08
149326,7.35
149329,9.35
149330,0.52
149331,0.92
149332,64.12
149335,10.45
149337,0.08
149342,0.23
149343,0.08
149345,30.18
149348,0.35
149351,0.73
149352,49.97
149360,6.33
149369,5.05
149370,0.68
149371,93.02
149375,5.2
149377,1.75
149378,24.17
149380,6.53
149382,64.72
149391,0.13
149392,1.07
149394,0.12
149396,0.22
149398,44.27
149399,7.87
149407,0.08
149408,0.98
149412,21.72
149414,0.23
149415,25.77
149419,0.57
149423,13.75
149424,9.1
149425,5.75
149426,0.87
149428,0.63
149432,0.63
149434,0.4
149438,0.75
149442,9.22
149446,2.03
149453,0.82
149462,48.22
149467,0.25
149470,7.2
149472,85.1
149476,5.25
149480,0.57
149485,1.95
149489,3.22
149496,4.37
149499,4.53
149503,16.8
149505,2.73
149520,1.27
149521,6.78
149524,0.62
149525,4.75
149528,0.22
149531,0.32
149533,0.72
149538,32.77
149541,20.53
149542,1.08
149543,0.38
149544,0.82
149558,2.6
149559,2.23
149563,2.83
149567,43.43
149568,0.08
149571,0.25
149574,42.13
149578,0.47
149579,14.87
149580,40.28
149585,0.37
149590,0.05
149592,0.4
149593,0.17
149595,30.3
149596,0.12
149598,61.28
149599,5.52
149601,14.8
149602,0.17
149603,0.4
149606,5.85
149608,0.12
149609,0.07
149611,57.7
149613,0.15
149614,0.55
149619,1.02
149620,42.03
149628,0.05
149631,35.23
149637,7.65
149639,0.9
149640,0.17
149642,3.52
149643,9.98
149645,18.9
149646,10.9
149647,0.78
149655,63.08
149656,17.73
149657,0.08
149659,11.7
149660,2.27
149661,0.08
149665,0.63
149666,0.08
149667,9.65
149671,0.05
149683,3.32
149687,0.42
149689,0.55
149691,0.05
149692,50.67
149693,0.53
149696,8.83
149702,20.7
149703,39.48
149704,0.93
149713,9.05
149715,0.62
149717,0.08
149718,0.98
149719,39.5
149720,1.0
149722,0.6
149724,0.77
149725,0.25
149728,1.13
149729,5.05
149730,0.1
149732,1.42
149734,0.12
149736,4.57
149738,0.22
149739,0.07
149740,25.62
149741,35.3
149742,14.23
149745,7.17
149746,28.22
149747,0.22
149748,2.18
149750,8.47
149751,2.75
149752,31.45
149753,8.98
149757,11.95
149758,35.02
149759,83.82
149760,50.43
149762,7.72
149765,1.73
149766,6.48
149767,23.73
149772,5.37
149776,28.05
149777,0.07
149778,9.27
149780,0.17
149782,42.25
149788,20.33
149790,0.38
149793,1.87
149794,0.07
149795,8.82
149796,16.65
149797,0.57
149798,15.53
149800,0.18
149801,50.35
149802,0.13
149804,0.85
149805,62.57
149806,0.9
149822,5.9
149824,9.15
149827,0.55
149828,69.92
149830,10.98
149833,0.52
149837,10.83
149840,11.57
149841,0.08
149842,7.63
149847,1.32
149848,29.4
149851,1.05
149853,0.3
149854,11.68
149858,33.0
149859,0.62
149863,0.18
149865,0.92
149868,4.18
149869,0.08
149877,0.05
149879,15.9
149881,29.13
149883,0.42
149886,68.18
149888,5.78
149889,64.35
149890,66.23
149891,51.78
149897,3.38
149898,0.63
149904,70.18
149906,73.4
149908,5.27
149911,85.9
149916,0.32
149917,1.4
149918,0.05
149922,5.88
149923,1.12
149925,7.85
149927,0.77
149930,9.98
149932,2.28
149934,0.23
149936,5.37
149940,0.62
149941,53.1
149942,28.28
149945,0.12
149947,3.9
149948,0.45
149949,1.88
149955,7.43
149956,8.07
149957,0.83
149959,6.23
149961,3.55
149963,7.73
149964,0.17
149966,0.97
149968,0.07
149969,2.9
149973,17.85
149974,32.6
149976,0.07
149977,23.33
149978,3.2
149980,0.12
149981,25.02
149982,50.8
149984,26.75
149989,1.13
149991,1.12
149992,6.38
149993,0.78
149995,0.53
149996,0.15
149999,14.48
150002,24.73
150004,46.58
150009,0.12
150010,55.57
150011,12.62
150012,14.7
150014,0.58
150016,26.2
150024,0.45
150026,1.75
150027,3.25
150031,0.07
150034,65.87
150035,1.42
150036,74.87
150038,0.08
150045,14.6
150046,0.07
150047,0.63
150048,0.32
150049,0.67
150056,22.2
150057,92.25
150058,0.27
150063,0.77
150066,0.18
150067,9.52
150068,0.35
150070,9.62
150072,0.42
150074,0.08
150078,0.08
150080,17.43
150091,3.13
150092,0.28
150093,15.25
150095,12.07
150096,1.05
150098,0.2
150099,34.12
150100,3.48
150102,6.18
150105,61.48
150106,0.05
150116,0.85
150119,3.45
150120,8.0
150122,10.43
150123,66.03
150126,24.72
150132,0.75
150138,4.68
150144,1.15
150152,54.3
150153,0.25
150155,0.07
150156,1.07
150157,13.97
150159,3.23
150163,22.55
150166,5.78
150168,5.38
150170,5.95
150171,0.08
150172,0.23
150175,19.35
150178,0.13
150179,5.35
150180,4.77
150183,7.08
150184,21.7
150185,1.82
150186,6.03
150187,1.1
150190,0.22
150191,0.15
150192,13.42
150193,15.97
150195,0.17
150197,7.22
150200,2.3
150204,0.17
150209,6.57
150210,18.67
150212,7.67
150213,5.97
150215,6.17
150221,6.27
150222,35.5
150223,0.18
150224,10.4
150227,7.97
150228,1.1
150229,30.92
150230,0.75
150231,0.48
150235,1.15
150239,0.07
150241,0.08
150243,0.05
150247,0.12
150248,0.93
150249,1.05
150252,7.97
150256,20.12
150257,0.07
150259,5.43
150260,0.08
150261,53.23
150274,1.35
150276,29.65
150277,66.2
150278,78.75
150279,0.18
150280,0.6
150285,21.48
150287,6.28
150290,0.88
150291,0.13
150296,1.87
150302,0.28
150304,18.1
150306,4.5
150310,10.82
150311,6.75
150317,3.87
150319,9.83
150324,3.23
150325,1.25
150326,58.05
150329,0.2
150331,0.08
150334,0.65
150335,0.77
150339,15.88
150340,75.02
150342,0.27
150343,0.13
150347,0.07
150350,0.07
150351,0.73
150353,0.07
150356,69.07
150360,3.0
150361,1.1
150363,0.12
150364,0.1
150367,1.68
150368,5.35
150369,0.13
150372,13.47
150377,43.18
150378,0.48
150379,60.83
150380,1.8
150381,18.42
150383,0.07
150384,1.05
150386,0.27
150387,0.05
150391,0.07
150393,0.15
150394,5.43
150395,1.25
150396,6.62
150397,7.73
150398,3.53
150399,21.0
150400,0.07
150401,0.1
150402,1.02
150404,1.17
150405,4.1
150407,5.33
150408,26.42
150411,0.07
150412,0.28
150415,0.65
150416,34.3
150417,0.88
150418,70.05
150420,1.28
150422,1.5
150423,1.27
150426,58.53
150429,0.13
150430,0.08
150431,0.3
150433,1.22
150435,0.35
150436,107.65
150439,15.37
150442,0.73
150443,1.9
150448,45.45
150452,0.67
150454,4.32
150456,12.22
150458,0.35
150459,0.75
150461,37.0
150463,0.23
150465,0.67
150466,22.4
150468,0.05
150471,0.13
150474,0.27
150477,8.52
150478,0.42
150481,60.48
150482,11.03
150488,104.4
150489,12.67
150490,2.93
150491,56.8
150492,0.7
150497,0.12
150498,0.45
150501,14.23
150502,0.35
150504,0.62
150511,0.3
150515,16.17
150520,0.18
150523,0.87
150524,15.73
150525,0.72
150528,6.38
150529,61.75
150531,0.32
150532,0.05
150533,26.05
150534,70.47
150542,24.03
150545,0.22
150546,1.18
150555,5.68
150556,1.27
150558,0.18
150559,21.12
150561,0.8
150563,33.97
150565,0.08
150568,3.27
150571,1.12
150572,5.33
150573,31.72
150575,0.08
150576,0.1
150579,68.93
150580,0.08
150581,31.72
150583,2.95
150586,10.57
150589,0.08
150591,0.58
150595,52.47
150596,0.72
150598,6.43
150605,24.97
150607,6.35
150608,11.5
150610,5.67
150611,0.25
150612,0.05
150613,9.83
150618,49.23
150621,0.18
150622,0.7
150624,0.23
150625,65.42
150626,0.12
150627,0.23
150629,5.38
150631,0.08
150637,0.1
150643,25.4
150646,29.18
150647,0.53
150652,66.48
150653,0.68
150658,0.95
150660,0.07
150662,0.08
150665,62.75
150666,0.62
150667,0.45
150669,0.6
150670,0.75
150671,5.53
150672,0.85
150673,23.75
150675,0.07
150676,0.5
150677,0.08
150680,0.75
150682,0.47
150686,5.87
150693,0.42
150696,0.15
150700,0.67
150701,34.17
150702,5.83
150705,5.08
150706,5.92
150707,0.3
150709,0.73
150710,24.4
150711,0.2
150712,15.73
150716,0.65
150717,5.35
150719,8.32
150723,8.58
150724,1.05
150725,6.43
150726,2.37
150730,73.45
150734,1.15
150736,13.08
150740,0.05
150744,81.38
150747,16.07
150748,6.8
150749,0.3
150752,8.37
150755,8.93
150758,0.62
150760,31.0
150764,16.5
150767,36.45
150768,0.48
150769,0.18
150771,3.98
150772,0.07
150775,0.1
150776,0.32
150777,5.2
150779,34.42
150782,0.45
150784,5.02
150785,6.12
150790,0.48
150798,4.8
150799,0.5
150802,41.02
150803,0.08
150804,0.73
150805,16.4
150807,0.32
150808,0.1
150810,0.2
150812,48.07
150815,0.1
150816,107.23
150818,0.5
150820,1.87
150823,1.03
150824,0.48
150826,67.98
150828,0.1
150830,13.33
150833,0.27
150834,2.58
150835,23.3
150836,0.07
150838,66.7
150839,17.0
150840,9.27
150841,4.85
150844,12.28
150845,48.85
150846,9.22
150847,20.63
150849,3.68
150853,0.05
150855,6.33
150862,5.25
150865,9.73
150866,0.18
150868,0.17
150869,40.95
150871,57.38
150874,0.85
150878,25.62
150880,1.32
150882,20.45
150884,0.07
150885,0.72
150887,0.3
150889,27.67
150893,30.93
150894,0.15
150897,0.07
150898,51.32
150902,11.57
150903,0.05
150905,53.63
150906,37.1
150907,0.93
150909,3.58
150910,55.95
150911,70.52
150921,0.62
150922,0.82
150923,55.93
150925,0.08
150927,1.2
150929,1.37
150930,0.8
150931,0.88
150932,2.83
150933,17.28
150934,0.8
150935,12.12
150936,50.1
150937,12.18
150940,1.13
150944,78.45
150945,1.03
150947,107.22
150950,24.38
150951,9.1
150952,43.25
150954,6.73
150955,23.93
150957,7.6
150958,0.45
150960,0.43
150961,56.28
150973,2.33
150975,2.65
150980,0.08
150982,62.58
150983,90.82
150986,59.08
150987,0.8
150989,8.9
150990,13.67
150993,17.08
150994,0.05
150995,55.15
150996,7.02
150998,1.97
150999,0.88
151000,16.33
151002,0.5
151004,0.55
151007,0.28
151013,0.6
151014,5.42
151017,110.87
151019,5.55
151021,68.75
151029,0.23
151030,26.68
151031,7.95
151033,0.18
151038,21.7
151039,0.08
151040,9.38
151041,0.18
151042,0.37
151045,16.87
151046,44.28
151047,0.23
151048,0.58
151051,2.62
151060,48.18
151061,44.8
151065,0.13
151066,55.13
151069,16.2
151070,0.12
151072,28.98
151073,49.13
151076,6.35
151078,2.73
151080,6.62
151081,0.2
151085,1.23
151086,73.55
151089,0.05
151091,15.82
151092,2.48
151093,0.08
151095,0.33
151098,1.07
151101,2.4
151102,13.25
151103,27.4
151106,1.02
151107,0.07
151109,13.65
151112,1.33
151115,41.18
151116,25.68
151119,22.47
151120,0.67
151122,0.08
151127,0.23
151128,0.23
151131,0.43
151133,0.23
151135,39.53
151138,0.2
151139,12.03
151143,1.37
151144,1.58
151145,2.82
151146,0.25
151154,4.25
151155,8.58
151158,7.23
151161,0.93
151163,0.5
151164,5.63
151166,4.55
151169,0.05
151170,4.58
151175,0.28
151176,1.23
151177,25.28
151178,1.03
151179,0.12
151182,0.08
151191,0.63
151193,73.95
151195,0.08
151196,0.47
151199,1.6
151201,0.08
151202,62.98
151204,1.02
151206,47.28
151209,74.45
151214,6.17
151217,0.32
151219,39.63
151221,0.05
151223,0.85
151225,24.32
151227,55.63
151228,58.03
151234,26.53
151235,4.47
151236,0.35
151241,57.13
151260,21.28
151261,4.6
151265,1.25
151271,4.5
151279,57.07
151280,0.58
151283,0.67
151285,9.73
151286,0.08
151292,1.22
151293,7.02
151294,55.97
151296,14.8
151299,0.3
151300,6.13
151301,3.42
151302,1.88
151303,1.53
151305,50.87
151307,0.07
151309,4.42
151316,5.65
151317,0.38
151324,0.12
151325,43.55
151326,23.2
151329,1.58
151330,56.28
151333,85.02
151339,0.8
151340,17.55
151344,2.38
151349,0.28
151351,27.87
151352,0.68
151353,0.6
151359,0.55
151360,0.1
151362,0.13
151368,83.7
151370,1.6
151372,3.48
151374,1.95
151375,84.38
151376,5.3
151379,7.42
151383,1.0
151384,0.12
151385,15.97
151386,54.63
151388,47.17
151397,1.77
151399,1.33
151407,0.13
151409,5.37
151410,0.98
151411,0.28
151412,39.95
151414,7.7
151415,0.82
151417,0.6
151419,54.97
151421,27.3
151426,3.9
151427,27.15
151434,0.38
151437,2.03
151440,4.7
151441,0.88
151444,0.27
151447,0.75
151451,2.6
151452,61.07
151464,0.57
151467,5.63
151471,12.55
151473,5.35
151474,4.7
151475,6.78
151478,5.45
151480,19.47
151481,0.25
151482,2.52
151484,0.67
151491,0.2
151493,1.1
151496,7.45
151497,0.67
151504,4.45
151505,2.62
151507,0.15
151510,5.47
151511,77.77
151513,49.22
151518,0.95
151519,0.17
151530,1.2
151534,0.53
151538,8.02
151539,0.73
151544,2.73
151545,61.03
151547,7.83
151561,52.25
151563,0.58
151569,20.18
151571,43.07
151576,0.17
151577,30.68
151580,13.32
151581,14.87
151582,29.33
151584,9.03
151585,5.53
151587,0.62
151588,23.1
151594,39.92
151597,28.25
151598,31.17
151600,0.22
151601,2.38
151602,3.28
151605,0.63
151608,12.05
151610,24.48
151612,16.82
151613,0.88
151614,0.8
151621,0.27
151623,2.03
151624,4.37
151626,52.9
151627,9.83
151629,1.07
151631,5.35
151634,2.87
151635,0.42
151636,0.87
151637,9.18
151639,10.03
151644,0.07
151647,18.95
151648,0.08
151650,62.65
151659,20.25
151662,0.88
151668,39.9
151670,59.67
151673,0.3
151674,0.23
151685,109.23
151686,0.4
151691,32.83
151696,8.52
151707,0.37
151710,7.22
151711,2.57
151712,10.18
151715,0.07
151716,49.23
151719,62.77
151735,0.07
151741,0.22
151743,8.77
151744,6.92
151748,0.08
151753,0.62
151755,0.13
151757,29.1
151761,1.77
151767,46.93
151768,6.18
151771,2.07
151772,4.53
151774,0.85
151776,6.53
151777,2.68
151780,4.65
151781,35.82
151782,2.72
151785,55.63
151787,12.65
151788,37.57
151790,0.12
151792,2.82
151796,0.08
151797,6.85
151808,0.47
151814,0.48
151815,0.9
151817,9.95
151819,67.6
151820,1.38
151830,0.05
151831,0.1
151834,78.22
151837,10.1
151838,0.58
151842,2.37
151844,10.4
151845,8.93
151848,0.63
151856,63.65
151859,17.27
151863,98.95
151867,0.1
151870,0.82
151873,0.47
151884,61.13
151885,1.7
151887,24.52
151894,6.85
151896,0.9
151898,0.62
151900,58.25
151903,17.7
151908,57.13
151916,0.1
151917,0.77
151918,32.98
151919,2.18
151920,8.38
151921,0.12
151926,0.05
151932,0.18
151933,0.08
151935,2.63
151938,0.13
151943,1.33
151944,0.22
151945,1.03
151949,0.6
151951,1.02
151955,27.67
151959,3.7
151963,0.68
151968,3.52
151971,5.33
151976,6.1
151977,1.38
151979,54.35
151986,0.65
151990,16.77
151992,4.32
151996,11.15
151997,9.72
152004,0.17
152005,3.05
152007,5.08
152013,0.07
152016,0.12
152020,28.98
152021,2.82
152023,2.98
152027,1.85
152032,0.18
152034,53.7
152038,83.27
152039,6.58
152046,3.98
152048,1.5
152053,0.93
152057,2.18
152059,0.65
152061,52.03
152063,0.1
152064,42.85
152067,0.55
152069,0.95
152071,0.75
152072,0.9
152076,0.08
152079,0.83
152083,1.25
152086,6.8
152088,16.77
152089,3.18
152092,0.68
152096,75.07
152097,0.07
152101,0.22
152105,1.3
152127,0.05
152128,0.98
152129,6.38
152133,10.77
152135,0.12
152137,0.05
152138,11.35
152139,0.1
152142,5.42
152145,1.13
152147,0.58
152148,4.42
152150,0.42
152151,1.97
152152,0.25
152154,0.75
152158,0.98
152159,57.23
152169,2.8
152170,1.08
152172,0.98
152175,71.2
152178,10.92
152180,6.0
152182,1.2
152186,5.7
152188,2.97
152189,22.45
152191,14.82
152193,47.13
152196,2.15
152198,6.12
152200,0.43
152201,10.02
152202,1.48
152203,9.58
152212,0.1
152215,49.75
152216,64.87
152218,0.83
152219,74.23
152220,0.05
152221,0.28
152225,2.55
152227,1.22
152229,2.22
152235,8.75
152237,0.38
152240,57.5
152241,6.77
152242,8.75
152246,0.07
152255,11.35
152258,3.08
152260,1.13
152262,3.5
152279,20.4
152286,6.27
152290,0.98
152291,83.3
152292,3.9
152293,0.05
152298,2.03
152299,1.38
152307,5.47
152308,0.65
152310,11.9
152311,18.22
152312,0.3
152318,1.87
152322,6.98
152323,0.52
152326,6.13
152329,0.17
152330,47.48
152332,15.23
152333,5.78
152334,0.5
152338,0.9
152339,0.45
152341,0.78
152342,0.38
152344,52.63
152345,19.88
152347,8.52
152348,8.12
152354,5.93
152355,2.12
152356,62.9
152357,5.4
152358,9.72
152359,0.05
152363,9.3
152367,4.9
152368,13.63
152376,0.08
152377,4.57
152381,3.45
152383,5.48
152384,0.93
152385,0.5
152390,53.38
152391,1.6
152392,74.95
152394,3.38
152397,0.07
152398,0.33
152399,1.7
152401,17.38
152406,0.07
152407,63.32
152409,11.02
152410,0.1
152411,0.1
152413,7.65
152414,3.03
152419,5.55
152427,0.92
152428,41.4
152430,19.47
152436,1.23
152438,5.48
152441,1.93
152442,4.97
152443,0.5
152444,0.22
152458,14.68
152459,11.38
152460,27.8
152462,17.73
152471,2.23
152473,3.23
152474,8.22
152475,1.83
152476,41.42
152477,1.92
152481,66.62
152491,1.22
152492,0.77
152493,0.75
152494,3.18
152496,10.75
152499,14.18
152501,0.8
152504,0.22
152505,13.63
152506,2.65
152510,2.83
152513,23.18
152516,0.1
152517,52.18
152519,20.27
152520,3.43
152521,60.07
152522,10.77
152523,25.72
152524,4.95
152534,0.65
152535,5.87
152539,0.55
152541,49.62
152545,0.2
152549,53.15
152550,0.13
152553,20.58
152555,55.88
152556,1.78
152558,0.12
152563,65.6
152570,0.15
152575,0.75
152577,5.33
152581,0.15
152583,9.97
152585,1.53
152586,10.7
152587,0.07
152589,53.22
152590,11.67
152592,0.08
152595,0.55
152599,47.7
152603,1.92
152605,2.23
152607,4.62
152612,1.88
152613,1.52
152615,0.07
152616,0.1
152626,0.07
152627,8.15
152629,0.12
152630,34.68
152631,0.72
152636,0.05
152640,1.53
152644,41.77
152650,1.68
152652,59.8
152655,4.88
152657,10.53
152660,0.35
152662,16.23
152666,29.22
152668,0.98
152669,1.72
152672,0.68
152673,1.07
152678,0.12
152681,23.18
152682,0.58
152683,53.42
152686,60.52
152687,0.22
152688,11.05
152690,63.05
152693,0.98
152694,0.13
152702,0.63
152705,56.37
152708,0.08
152711,19.42
152713,0.67
152714,65.07
152717,0.07
152720,7.87
152723,0.05
152725,3.97
152728,5.57
152732,37.8
152734,9.05
152735,0.3
152737,1.72
152739,33.27
152741,2.87
152743,48.88
152744,0.42
152750,0.08
152751,34.48
152753,29.12
152756,7.75
152757,6.85
152758,18.87
152759,26.82
152760,0.07
152761,2.03
152763,50.28
152765,42.13
152767,4.27
152769,1.12
152771,13.07
152773,0.27
152775,0.5
152777,44.05
152780,0.62
152781,1.07
152782,7.95
152785,0.47
152787,9.68
152791,71.83
152792,0.48
152793,25.23
152796,0.07
152797,0.08
152803,5.43
152804,21.53
152805,0.73
152808,5.97
152810,10.77
152812,0.08
152813,17.65
152816,0.83
152818,1.03
152819,0.1
152820,8.45
152821,66.55
152824,5.57
152827,72.4
152833,5.05
152835,5.92
152837,0.52
152842,0.53
152844,1.6
152846,52.98
152849,18.07
152850,13.07
152851,6.0
152853,0.48
152857,5.72
152859,2.78
152860,6.83
152864,0.17
152865,0.08
152866,0.3
152867,68.0
152869,3.72
152870,0.52
152873,0.07
152874,0.4
152876,5.42
152877,0.27
152879,9.13
152883,0.93
152887,4.45
152888,5.95
152890,8.42
152893,0.52
152899,0.12
152902,22.77
152904,6.45
152905,1.6
152906,23.08
152907,0.25
152909,0.28
152910,21.53
152911,0.15
152917,0.07
152918,0.63
152919,0.47
152922,16.73
152923,11.97
152924,69.73
152927,75.43
152928,1.45
152930,0.1
152939,0.62
152944,15.7
152947,0.62
152955,0.18
152957,0.45
152959,11.45
152960,44.8
152962,0.42
152963,0.15
152964,16.38
152966,2.23
152967,8.8
152971,5.75
152972,5.37
152976,57.52
152977,22.65
152982,0.22
152983,0.15
152985,0.05
152988,79.63
152989,54.32
152990,102.37
152991,11.32
152993,25.42
152998,0.15
153002,1.72
153012,0.65
153014,15.15
153017,2.67
153018,0.07
153023,0.1
153024,2.38
153027,0.12
153028,0.45
153029,0.18
153031,14.12
153032,0.15
153033,19.85
153034,0.52
153035,55.77
153037,8.78
153039,0.1
153041,29.03
153042,5.93
153043,2.05
153044,86.35
153045,0.57
153046,0.47
153048,1.07
153049,54.27
153051,43.67
153052,4.55
153053,1.13
153055,66.05
153056,9.08
153057,5.38
153061,0.52
153062,14.38
153063,8.23
153066,17.83
153070,7.78
153071,4.92
153072,16.42
153077,46.08
153082,0.12
153084,0.7
153087,0.18
153089,0.3
153090,0.22
153092,5.6
153093,2.42
153094,38.45
153095,0.08
153096,0.18
153097,0.78
153098,0.32
153101,0.08
153102,83.97
153104,35.43
153108,8.98
153109,0.45
153110,0.23
153112,4.55
153115,4.2
153117,96.32
153119,2.37
153120,0.77
153130,14.45
153138,5.4
153143,0.38
153144,10.25
153145,0.25
153147,10.02
153149,1.1
153151,0.15
153152,37.6
153156,68.12
153157,3.1
153160,10.78
153161,0.32
153163,40.55
153177,35.1
153179,1.15
153198,1.42
153202,6.05
153204,0.13
153208,16.93
153209,0.27
153211,72.75
153213,2.4
153216,60.65
153217,54.58
153219,81.05
153220,6.2
153221,98.78
153225,10.03
153227,0.82
153228,0.07
153234,0.05
153235,0.13
153237,0.08
153241,11.02
153244,31.4
153245,105.65
153246,0.2
153248,11.55
153249,0.15
153251,0.07
153252,43.33
153253,2.65
153254,108.62
153256,0.05
153258,3.6
153261,0.32
153264,0.07
153265,56.37
153266,6.27
153268,9.07
153272,6.72
153274,72.9
153275,0.28
153276,0.17
153280,59.68
153281,6.08
153284,57.53
153288,73.78
153292,0.05
153305,3.62
153306,3.05
153308,0.37
153311,20.05
153313,59.33
153314,22.88
153316,0.42
153321,0.05
153326,0.28
153327,0.05
153328,27.42
153330,0.55
153332,0.17
153333,7.72
153336,0.07
153337,53.37
153339,16.55
153341,6.05
153343,2.72
153347,32.1
153348,0.85
153353,3.43
153354,21.77
153355,6.02
153356,71.48
153357,64.8
153358,0.2
153364,11.32
153365,0.05
153366,0.1
153368,0.98
153373,40.03
153378,13.62
153389,4.75
153391,0.05
153396,9.85
153400,0.77
153401,5.03
153407,61.45
153416,1.0
153419,6.03
153428,6.22
153429,0.55
153430,6.03
153437,41.1
153438,5.1
153440,3.58
153443,34.22
153474,0.77
153476,17.23
153479,1.37
153482,0.12
153483,1.65
153485,18.4
153488,10.97
153491,1.03
153492,0.13
153496,57.77
153498,23.23
153499,18.42
153503,4.88
153507,0.07
153510,65.15
153511,1.33
153515,14.83
153520,3.17
153522,6.18
153523,1.48
153527,0.35
153528,28.07
153529,1.02
153530,1.43
153536,2.03
153540,0.07
153543,59.55
153547,0.05
153548,0.22
153549,0.52
153550,0.05
153553,0.65
153554,68.05
153556,0.05
153557,4.55
153559,43.92
153560,1.17
153562,9.9
153564,66.22
153566,29.4
153569,0.27
153571,12.37
153573,11.72
153575,2.62
153581,4.1
153583,0.05
153584,2.08
153587,0.08
153595,0.33
153598,46.08
153600,0.38
153601,0.4
153603,22.03
153608,0.25
153611,0.77
153630,66.73
153638,1.52
153642,0.2
153646,1.22
153649,0.05
153654,23.1
153656,1.73
153657,0.33
153659,34.48
153660,56.92
153661,0.85
153662,103.97
153668,0.92
153670,0.35
153673,1.88
153674,0.87
153675,2.12
153676,2.77
153677,5.98
153678,2.63
153679,13.43
153680,30.83
153685,3.23
153687,0.22
153689,59.6
153690,0.22
153694,0.48
153697,0.67
153707,97.97
153710,31.57
153712,7.43
153714,28.33
153715,31.43
153717,1.17
153718,0.05
153723,1.85
153727,6.03
153728,62.7
153732,98.25
153733,3.12
153734,0.05
153736,0.5
153737,24.13
153742,61.18
153743,49.6
153744,69.45
153745,6.1
153746,1.17
153757,0.05
153759,0.7
153761,0.8
153767,2.85
153768,0.05
153771,31.72
153772,0.22
153774,1.2
153777,7.58
153784,0.13
153785,0.9
153789,4.27
153791,74.53
153793,2.82
153795,7.08
153796,11.02
153798,11.63
153800,0.17
153805,45.63
153806,1.32
153808,0.1
153809,10.27
153810,19.3
153812,0.68
153813,0.12
153814,7.68
153819,27.28
153821,0.12
153822,46.25
153825,0.2
153826,1.1
153827,6.05
153831,0.07
153832,2.05
153837,32.72
153839,0.98
153853,0.9
153855,5.5
153858,0.05
153860,1.22
153863,0.05
153864,41.23
153866,0.97
153868,51.33
153869,43.38
153870,2.28
153871,0.8
153872,0.87
153873,0.55
153874,0.25
153875,4.35
153877,1.6
153878,0.08
153879,0.77
153882,0.08
153886,48.22
153887,1.57
153893,5.92
153899,18.28
153900,25.0
153902,53.3
153903,0.83
153906,57.43
153908,9.58
153909,0.17
153911,27.88
153913,0.53
153922,0.07
153923,63.68
153925,38.88
153926,36.7
153927,3.77
153929,67.73
153930,0.2
153936,8.42
153940,6.08
153941,0.18
153944,0.25
153949,2.82
153951,0.1
153954,78.15
153961,24.25
153965,9.02
153966,18.88
153969,0.05
153970,41.0
153975,26.52
153980,0.58
153981,12.68
153982,13.08
153984,69.05
153986,4.25
153988,0.22
153989,12.5
153991,33.72
153997,0.05
154007,18.32
154011,0.37
154013,87.48
154014,0.13
154026,61.42
154028,67.82
154039,19.98
154045,63.65
154052,20.72
154053,1.6
154056,16.78
154057,35.52
154060,0.42
154064,0.63
154067,3.7
154068,1.67
154071,38.92
154075,72.03
154077,13.93
154079,11.83
154080,14.42
154084,1.02
154087,4.15
154088,0.07
154090,6.03
154096,8.62
154097,0.05
154099,2.78
154105,59.07
154106,0.6
154109,8.48
154111,0.87
154113,3.65
154120,15.82
154125,1.25
154126,12.03
154130,0.3
154135,0.52
154136,0.35
154139,1.38
154140,0.08
154141,0.05
154147,43.68
154148,7.85
154150,0.37
154157,0.4
154159,0.15
154166,1.47
154168,8.5
154170,0.8
154172,0.3
154173,12.63
154177,61.57
154178,0.07
154184,64.58
154185,2.98
154186,0.4
154189,4.92
154190,0.23
154199,79.73
154200,0.05
154205,1.87
154209,20.62
154210,0.48
154211,26.2
154216,0.18
154218,6.48
154221,0.12
154227,5.37
154237,44.55
154240,45.32
154242,0.67
154244,1.42
154247,0.05
154250,60.05
154251,13.78
154252,9.93
154253,0.27
154258,27.23
154259,80.77
154260,0.12
154264,19.48
154267,0.15
154278,9.1
154291,11.38
154294,0.35
154295,36.65
154296,0.38
154301,25.7
154307,7.33
154312,88.4
154313,18.45
154318,0.27
154322,30.02
154323,6.03
154326,16.43
154327,54.08
154329,0.58
154337,2.63
154342,9.88
154345,0.05
154346,6.63
154349,6.03
154350,0.78
154352,0.4
154354,40.03
154355,7.1
154358,8.27
154361,10.03
154367,45.47
154370,23.18
154371,81.33
154374,18.32
154381,1.05
154384,1.35
154385,0.95
154390,10.02
154393,1.52
154395,8.02
154398,0.05
154399,37.98
154403,5.37
154405,0.05
154408,11.07
154414,51.38
154418,0.8
154419,2.4
154420,5.67
154426,6.0
154428,2.75
154430,14.32
154432,32.7
154434,0.2
154438,33.87
154439,4.45
154443,0.93
154444,5.93
154447,0.07
154448,0.05
154449,1.28
154450,2.23
154451,6.97
154453,10.38
154461,11.32
154463,19.52
154466,38.93
154467,0.43
154471,2.28
154472,31.02
154473,8.07
154476,58.4
154480,0.87
154482,49.35
154483,9.75
154487,26.17
154492,0.62
154494,3.67
154495,10.68
154498,0.38
154500,0.05
154512,1.95
154517,3.82
154518,0.37
154519,1.32
154525,0.38
154530,80.72
154538,0.7
154541,16.55
154542,2.55
154544,27.38
154545,0.07
154549,0.12
154554,0.17
154560,24.18
154565,0.38
154569,32.65
154570,40.57
154572,0.5
154573,22.88
154575,0.33
154582,3.03
154583,0.68
154586,0.77
154588,1.53
154596,6.07
154597,0.22
154598,65.33
154599,0.48
154606,11.15
154607,85.75
154608,11.83
154611,8.95
154616,0.47
154617,0.8
154618,0.5
154627,1.82
154631,1.9
154632,0.2
154633,4.12
154634,1.2
154635,6.08
154636,16.35
154645,20.53
154648,0.93
154649,22.8
154655,0.28
154661,11.3
154662,70.32
154664,6.03
154667,2.4
154669,0.05
154679,59.45
154686,2.37
154693,0.7
154694,0.08
154695,0.47
154697,0.78
154714,0.28
154715,0.77
154716,1.58
154718,6.07
154719,0.08
154724,0.2
154729,8.88
154733,10.65
154735,33.58
154737,6.03
154738,8.32
154748,58.22
154751,0.13
154753,0.08
154760,80.07
154762,0.05
154765,99.53
154768,2.37
154775,31.83
154787,1.68
154790,8.78
154791,0.17
154799,36.6
154801,99.13
154807,0.07
154810,0.05
154811,0.2
154813,30.92
154816,75.17
154818,2.17
154820,2.48
154825,7.72
154826,0.12
154827,0.57
154836,3.43
154837,18.83
154838,18.27
154839,63.2
154841,0.65
154843,6.03
154848,7.25
154849,0.05
154850,0.3
154858,0.67
154861,12.77
154864,55.23
154866,93.12
154868,1.77
154869,20.02
154870,0.75
154872,3.78
154875,5.57
154884,17.82
154888,93.57
154893,92.8
154894,1.08
154896,1.13
154898,0.33
154901,0.77
154903,2.58
154907,0.05
154912,0.5
154913,0.08
154918,7.4
154925,64.42
154927,0.12
154928,1.25
154929,0.08
154932,10.05
154935,2.4
154938,44.85
154940,0.13
154942,1.77
154943,6.2
154945,0.25
154954,2.07
154958,1.4
154972,5.23
154987,62.25
154991,0.12
154992,10.33
154993,73.07
154999,0.25
155003,1.83
155006,11.25
155009,2.2
155015,0.35
155018,15.4
155019,14.05
155026,6.42
155028,55.88
155033,27.07
155038,1.45
155040,0.72
155047,61.83
155048,19.52
155064,0.12
155071,7.07
155072,0.22
155074,11.9
155076,10.05
155077,13.12
155079,0.12
155082,5.2
155083,1.08
155085,0.67
155086,6.08
155088,10.22
155090,16.7
155092,0.08
155093,1.48
155094,32.03
155095,31.77
155097,5.08
155103,83.77
155108,0.63
155112,4.77
155113,54.1
155114,0.22
155117,3.03
155120,1.82
155124,0.97
155128,41.9
155134,45.38
155145,0.3
155150,11.17
155154,60.65
155155,1.47
155157,64.75
155162,3.85
155168,2.95
155172,1.65
155177,3.07
155184,14.27
155186,0.17
155204,0.18
155213,3.2
155214,0.42
155216,0.67
155217,4.2
155219,0.48
155220,31.47
155221,0.05
155225,0.82
155240,0.72
155241,7.85
155242,4.12
155243,4.18
155250,0.43
155252,0.1
155255,1.1
155257,69.7
155259,18.13
155262,24.68
155264,10.37
155267,0.15
155269,0.6
155274,32.85
155277,0.05
155278,6.0
155281,5.07
155283,0.18
155284,0.08
155285,7.42
155286,0.97
155287,0.38
155289,43.02
155295,0.27
155300,22.32
155303,0.83
155312,0.55
155315,0.07
155318,0.08
155320,13.63
155321,8.25
155335,6.37
155340,13.23
155341,47.83
155350,0.15
155354,15.75
155357,0.05
155359,72.3
155364,2.27
155365,2.98
155371,1.02
155382,1.1
155383,4.37
155384,18.93
155389,2.25
155390,0.12
155391,0.17
155399,2.17
155405,99.87
155409,0.37
155410,32.4
155414,3.87
155419,38.98
155420,0.7
155422,15.08
155424,50.9
155425,9.9
155429,0.68
155432,23.38
155435,30.07
155438,0.07
155442,12.85
155447,1.58
155453,0.12
155455,15.35
155457,8.87
155463,2.67
155471,1.02
155476,0.42
155480,110.33
155483,10.77
155495,1.28
155496,0.1
155499,32.77
155502,70.87
155505,29.28
155515,9.23
155520,13.83
155526,58.6
155531,62.4
155532,2.05
155533,2.3
155534,0.1
155536,2.25
155537,42.18
155540,9.92
155542,5.87
155555,0.25
155557,6.05
155562,6.08
155564,0.05
155565,2.45
155570,4.17
155575,18.83
155576,82.6
155577,63.5
155578,0.32
155580,0.05
155587,0.08
155589,67.43
155592,3.6
155598,10.72
155599,0.07
155611,0.05
155614,34.37
155615,0.33
155622,0.67
155626,0.4
155639,0.67
155641,6.42
155660,0.08
155662,0.67
155676,0.08
155679,39.12
155680,1.27
155685,2.73
155686,0.12
155687,0.95
155689,0.15
155692,1.17
155693,23.67
155695,6.03
155696,1.83
155701,1.4
155702,68.03
155705,7.23
155706,0.2
155708,32.2
155710,0.13
155713,31.1
155715,6.03
155716,1.45
155726,1.23
155731,43.2
155733,2.22
155735,84.8
155739,0.08
155760,11.62
155763,68.13
155772,28.9
155773,0.93
155775,75.75
155781,0.05
155787,51.2
155790,3.13
155800,19.42
155806,0.8
155807,9.23
155817,77.47
155826,1.42
155828,2.27
155840,17.82
155854,24.62
155857,1.85
155866,28.22
155872,9.27
155888,0.17
155900,6.4
155906,27.95
155914,0.1
155915,0.5
155917,0.05
155919,65.67
155920,1.25
155921,4.52
155923,0.7
155927,11.5
155928,26.05
155929,0.1
155931,6.27
155932,58.97
155933,10.98
155935,18.35
155939,0.05
155940,55.42
155941,0.67
155942,0.37
155945,6.07
155948,4.62
155950,91.3
155952,2.88
155953,47.68
155970,1.93
155971,45.07
155972,8.7
155983,7.48
155988,6.12
155989,34.97
155990,3.9
156008,0.95
156012,60.85
156016,9.9
156025,101.25
156033,0.07
156040,1.27
156048,5.6
156054,4.88
156059,0.33
156074,4.48
156081,0.8
156082,5.27
156086,11.68
156090,1.17
156093,1.55
156099,15.63
156115,9.92
156118,5.12
156120,54.28
156121,15.57
156131,7.23
156137,25.65
156143,3.22
156144,0.45
156147,11.88
156149,42.35
156151,0.57
156153,2.75
156156,2.58
156157,1.12
156158,71.98
156160,3.15
156166,0.07
156170,6.22
156172,0.5
156173,1.88
156174,99.38
156175,3.43
156177,0.92
156178,11.45
156179,6.88
156181,0.57
156183,0.05
156185,0.22
156186,0.88
156188,36.15
156190,0.62
156192,1.47
156195,32.8
156196,50.6
156197,19.13
156198,3.37
156199,0.3
156203,0.93
156204,0.22
156207,7.5
156208,38.02
156212,27.02
156215,15.87
156216,16.18
156221,0.08
156222,38.35
156225,23.95
156228,30.78
156229,20.07
156233,27.43
156236,14.18
156237,18.77
156238,19.43
156248,3.42
156249,1.1
156252,0.08
156258,20.87
156259,0.35
156263,0.9
156264,0.57
156265,3.8
156266,0.2
156268,2.53
156270,0.98
156275,1.48
156278,2.05
156280,36.67
156281,9.67
156282,78.7
156283,44.25
156284,2.32
156285,9.05
156286,6.48
156287,92.58
156292,76.52
156301,13.38
156302,1.32
156307,0.6
156308,0.07
156312,0.05
156313,86.32
156314,6.05
156315,8.25
156316,5.37
156321,22.97
156326,0.05
156328,1.43
156330,9.07
156332,0.98
156333,0.67
156337,22.68
156340,0.05
156341,0.18
156345,17.15
156349,10.27
156352,4.7
156353,6.03
156357,75.08
156358,0.38
156359,0.6
156363,0.05
156364,2.58
156366,1.4
156367,0.07
156368,0.32
156369,6.22
156370,0.42
156371,0.1
156374,11.28
156376,6.43
156378,0.33
156379,0.2
156380,51.83
156381,23.65
156383,0.18
156385,1.12
156387,110.2
156390,21.67
156393,0.12
156394,5.02
156398,0.5
156401,0.33
156402,2.57
156403,4.88
156405,2.82
156408,0.08
156410,0.67
156411,10.65
156415,46.88
156419,6.6
156420,9.4
156424,77.47
156433,0.08
156443,3.2
156445,6.08
156450,0.83
156451,12.48
156452,0.1
156454,24.0
156455,0.12
156456,0.4
156458,4.1
156459,0.15
156460,9.53
156463,0.05
156465,50.82
156466,72.1
156472,56.62
156476,0.05
156477,3.1
156478,10.5
156479,9.98
156480,0.05
156481,34.05
156485,0.67
156490,10.03
156492,43.63
156496,0.22
156497,0.07
156499,18.42
156500,0.45
156506,0.15
156509,2.33
156513,0.07
156514,10.6
156515,0.08
156517,7.55
156520,54.32
156525,16.2
156526,2.85
156528,0.75
156529,0.05
156530,0.2
156532,6.32
156533,0.18
156535,0.22
156538,75.48
156539,50.28
156540,0.88
156542,0.45
156544,0.8
156546,0.25
156548,4.87
156550,12.87
156553,0.25
156555,5.78
156557,17.95
156558,0.13
156559,20.17
156562,0.4
156563,8.9
156571,1.13
156573,1.37
156575,47.63
156579,5.32
156583,0.27
156585,1.67
156586,2.93
156589,25.95
156590,7.38
156591,22.57
156594,39.33
156596,62.95
156598,0.07
156599,1.33
156601,0.72
156602,3.15
156603,1.37
156609,22.08
156611,6.05
156614,9.65
156617,98.53
156618,0.08
156620,0.45
156621,18.03
156622,6.03
156623,38.72
156624,0.07
156627,1.4
156630,0.38
156632,54.68
156633,5.13
156634,4.2
156635,0.37
156636,0.63
156637,0.18
156638,58.07
156640,38.17
156641,7.02
156642,2.95
156643,0.58
156645,0.52
156646,11.97
156650,58.93
156653,90.28
156659,3.77
156660,53.05
156663,0.08
156665,0.32
156666,32.25
156669,52.33
156671,60.45
156677,0.15
156678,0.05
156682,4.52
156689,0.78
156697,3.75
156698,1.68
156700,59.75
156701,14.0
156705,6.55
156706,0.33
156709,1.62
156710,90.4
156712,20.22
156718,2.65
156722,0.52
156724,5.28
156726,0.05
156729,54.57
156731,2.78
156732,0.18
156733,1.05
156735,0.07
156736,0.45
156737,1.15
156739,3.63
156742,0.67
156745,0.33
156749,1.5
156750,1.17
156754,75.22
156755,5.05
156756,0.05
156758,2.43
156761,14.43
156763,0.07
156765,43.28
156766,0.17
156767,14.77
156768,16.57
156769,0.18
156771,28.08
156783,0.63
156785,0.3
156790,1.22
156793,0.12
156794,2.42
156795,18.32
156797,0.77
156800,28.05
156802,3.88
156807,36.38
156811,60.12
156813,3.87
156818,29.97
156820,41.5
156821,0.07
156823,61.38
156826,1.18
156829,0.47
156830,4.4
156832,79.85
156846,32.05
156851,27.93
156853,29.47
156854,1.17
156857,25.0
156861,7.05
156862,0.72
156864,9.58
156865,0.15
156867,0.63
156868,0.33
156869,56.27
156871,1.25
156873,2.3
156874,0.05
156875,3.97
156876,52.08
156878,0.1
156886,0.33
156887,0.05
156888,0.8
156890,2.58
156893,80.98
156894,75.08
156898,4.92
156899,10.3
156900,5.18
156903,0.32
156907,19.65
156909,0.27
156911,19.97
156913,65.67
156914,1.95
156915,7.85
156918,1.33
156919,6.03
156920,49.8
156921,12.45
156922,0.55
156923,13.87
156926,6.4
156929,8.7
156930,0.07
156932,6.63
156933,0.83
156937,7.87
156938,10.42
156939,3.55
156940,0.77
156943,0.67
156948,0.6
156951,31.95
156953,25.72
156954,7.27
156955,5.75
156956,18.43
156957,1.57
156958,0.08
156959,6.07
156961,0.17
156963,33.17
156964,60.43
156969,0.45
156973,0.9
156976,100.3
156977,0.67
156978,8.88
156983,0.15
156984,6.17
156986,0.88
156987,2.08
156988,0.67
156990,41.73
156991,2.67
156994,0.05
156995,65.58
156997,0.75
156999,11.18
157000,1.03
157001,0.82
157003,0.42
157004,69.57
157005,0.17
157007,7.78
157010,1.43
157011,0.33
157013,11.6
157017,0.53
157020,5.37
157022,31.28
157023,41.05
157025,7.35
157026,0.38
157027,4.77
157028,1.65
157030,28.7
157034,0.05
157036,1.3
157038,0.08
157040,13.55
157042,0.07
157043,26.13
157044,42.88
157045,0.85
157046,0.67
157050,0.5
157051,6.55
157052,1.67
157061,0.07
157062,0.47
157064,0.55
157065,97.58
157067,0.15
157068,9.67
157069,0.28
157070,0.48
157071,5.68
157074,0.35
157075,67.85
157078,7.9
157079,0.65
157081,17.13
157083,21.37
157084,3.2
157085,1.07
157086,6.75
157087,3.97
157092,0.28
157093,0.53
157094,13.85
157096,2.65
157097,6.08
157100,50.45
157101,1.07
157102,0.07
157103,0.73
157105,6.22
157106,4.37
157107,6.4
157111,0.1
157112,52.02
157114,0.45
157120,77.22
157121,1.22
157122,2.22
157123,15.35
157124,37.57
157129,0.17
157130,36.82
157131,0.72
157132,0.22
157135,0.7
157137,0.52
157138,59.4
157139,2.72
157140,62.97
157145,0.4
157148,0.15
157149,69.68
157155,0.25
157156,15.03
157158,18.45
157159,10.35
157160,6.95
157163,9.92
157165,1.6
157168,80.0
157173,0.07
157176,1.38
157177,17.7
157179,1.63
157181,0.05
157185,24.33
157187,0.52
157189,17.32
157190,11.93
157191,10.63
157192,0.2
157195,0.95
157197,2.83
157201,4.02
157203,5.72
157205,30.02
157206,0.12
157208,0.05
157209,24.73
157212,33.8
157213,0.08
157215,0.18
157220,0.4
157226,0.27
157227,1.38
157231,0.08
157236,75.33
157240,97.42
157245,0.1
157246,35.97
157249,0.12
157251,0.42
157252,1.58
157255,6.12
157256,1.78
157259,6.2
157260,0.07
157261,1.1
157263,0.13
157265,66.05
157266,3.37
157267,0.82
157268,0.97
157270,0.17
157273,4.65
157275,0.07
157276,0.05
157279,13.17
157280,12.82
157282,12.07
157286,12.45
157287,5.65
157289,0.67
157295,46.25
157298,23.77
157301,61.5
157308,30.32
157312,69.33
157316,2.23
157319,11.45
157321,19.97
157322,0.08
157323,0.05
157326,26.02
157327,0.38
157330,0.93
157332,2.27
157333,33.9
157337,9.88
157338,1.6
157343,5.4
157346,18.77
157347,18.6
157350,82.92
157351,1.03
157354,0.17
157358,6.42
157359,8.0
157361,1.95
157363,0.67
157364,18.42
157366,0.12
157369,6.18
157371,61.87
157372,1.78
157373,25.05
157376,0.05
157379,56.55
157380,0.1
157385,69.23
157386,0.52
157389,79.67
157392,6.55
157395,0.47
157396,62.35
157397,25.75
157400,11.37
157401,65.62
157404,5.97
157406,0.05
157413,1.37
157414,0.18
157415,20.43
157418,12.53
157427,2.9
157429,0.93
157431,0.3
157432,0.53
157436,0.15
157440,62.02
157442,1.5
157445,0.15
157447,9.03
157448,0.52
157450,0.13
157452,2.8
157454,0.22
157455,25.58
157457,22.68
157460,4.23
157463,7.32
157464,11.22
157466,0.67
157468,3.7
157472,6.05
157474,2.25
157478,0.58
157480,0.58
157482,0.2
157483,0.2
157484,1.87
157487,14.5
157489,60.92
157491,9.15
157493,3.28
157497,0.55
157498,48.55
157499,0.8
157500,0.3
157502,5.05
157503,5.92
157508,8.37
157510,24.28
157512,0.33
157515,0.45
157516,10.55
157517,72.72
157518,17.38
157519,0.3
157521,25.47
157522,56.07
157524,7.1
157530,0.12
157531,8.88
157538,20.92
157540,0.18
157541,10.72
157542,17.85
157543,1.17
157544,38.5
157549,2.7
157553,0.87
157558,6.82
157561,1.08
157562,2.18
157565,63.17
157568,0.07
157573,9.88
157574,1.42
157575,4.05
157577,43.12
157587,0.08
157589,1.27
157590,2.75
157591,1.97
157592,0.83
157593,36.58
157594,1.13
157599,1.28
157602,6.03
157605,5.58
157606,10.07
157607,0.75
157609,18.27
157610,2.25
157611,92.73
157614,27.2
157616,47.95
157618,0.1
157620,0.67
157621,0.08
157622,0.62
157623,0.12
157624,0.08
157626,29.92
157627,0.1
157629,6.32
157634,0.07
157635,0.38
157638,3.83
157639,25.2
157640,11.93
157641,80.9
157643,66.58
157644,4.93
157645,1.9
157647,65.28
157648,0.37
157654,6.0
157656,6.57
157657,32.1
157658,6.62
157661,6.88
157663,12.45
157665,44.58
157666,4.45
157672,0.1
157674,2.25
157676,75.0
157678,16.0
157683,0.95
157684,18.32
157685,0.1
157687,0.63
157689,0.8
157691,12.48
157692,2.72
157696,71.48
157697,0.65
157703,0.08
157704,1.02
157705,0.08
157706,0.32
157707,0.13
157709,18.37
157712,36.68
157723,0.38
157727,3.57
157729,16.38
157730,1.92
157733,0.48
157736,59.92
157737,1.63
157738,102.2
157741,10.53
157742,0.83
157745,10.08
157746,3.7
157751,76.28
157760,0.52
157763,23.08
157765,0.1
157768,43.27
157769,82.17
157770,0.55
157772,0.35
157773,21.52
157774,0.05
157780,23.35
157784,1.33
157785,0.67
157787,0.33
157788,2.33
157794,4.57
157795,0.07
157798,1.08
157800,23.92
157801,0.35
157803,0.2
157807,12.5
157808,0.87
157811,4.28
157812,1.08
157813,0.08
157815,0.27
157819,21.37
157820,46.88
157826,9.27
157829,0.27
157831,7.28
157833,6.1
157835,0.05
157837,0.2
157839,2.45
157843,105.85
157846,3.58
157847,0.05
157848,5.25
157850,2.73
157852,25.57
157858,0.07
157863,5.88
157864,0.38
157865,12.73
157866,7.77
157871,0.05
157872,0.22
157874,0.1
157875,42.35
157876,19.92
157878,1.0
157879,94.65
157880,0.5
157881,70.07
157884,4.07
157886,0.13
157887,0.35
157888,0.17
157891,63.05
157894,9.6
157896,1.2
157898,11.37
157902,64.52
157908,4.63
157912,9.17
157920,0.8
157923,4.9
157924,0.43
157925,0.92
157927,0.23
157928,1.35
157929,0.68
157930,0.13
157935,32.17
157938,1.83
157939,1.13
157940,1.03
157941,10.83
157944,0.37
157947,6.05
157948,59.67
157950,0.9
157951,0.2
157952,6.73
157956,25.02
157958,17.85
157959,37.85
157960,6.47
157961,0.67
157962,10.98
157967,52.28
157969,5.97
157970,0.23
157972,0.25
157976,16.77
157978,3.22
157982,12.2
157984,0.67
157986,75.32
157990,0.73
157993,2.23
157994,5.7
157995,1.87
157999,0.2
158000,21.93
158001,2.03
158002,4.18
158004,0.5
158006,0.13
158007,70.78
158008,0.17
158009,7.6
158013,1.0
158020,5.98
158021,0.05
158023,20.2
158024,0.12
158025,51.88
158029,8.0
158030,44.05
158035,39.48
158036,6.12
158037,4.53
158041,0.18
158042,6.08
158043,66.73
158044,31.78
158047,0.2
158048,16.62
158050,23.72
158060,0.07
158063,6.22
158064,1.1
158067,3.15
158068,12.62
158072,0.05
158076,0.13
158079,0.23
158081,10.8
158082,12.72
158085,7.43
158089,0.2
158093,6.98
158095,40.08
158097,3.13
158100,0.37
158101,0.27
158106,0.15
158107,31.92
158108,0.27
158109,1.45
158110,0.52
158111,5.53
158113,68.52
158115,4.72
158117,8.25
158121,0.1
158122,0.15
158124,22.3
158125,27.78
158126,3.48
158127,20.23
158128,3.28
158129,62.4
158130,1.93
158134,39.25
158135,49.32
158136,43.7
158137,2.42
158138,0.05
158139,0.23
158143,37.63
158145,19.2
158146,0.92
158147,0.17
158148,2.53
158150,0.35
158153,10.92
158154,22.85
158155,0.05
158156,0.1
158158,0.5
158160,1.6
158163,2.87
158164,20.38
158165,0.18
158166,50.48
158167,1.97
158170,18.43
158174,21.8
158177,0.95
158180,1.4
158182,6.05
158185,42.72
158186,49.2
158188,12.2
158189,1.53
158193,4.23
158199,10.02
158200,0.05
158201,0.37
158202,7.35
158204,0.12
158206,0.05
158208,11.92
158209,1.48
158210,28.95
158211,68.55
158212,1.82
158215,12.18
158220,87.9
158222,4.87
158226,4.47
158227,1.28
158228,0.05
158230,0.1
158235,0.12
158236,6.45
158237,7.93
158238,6.63
158241,54.93
158243,5.37
158244,30.98
158248,2.38
158250,9.65
158251,0.18
158259,0.67
158262,1.23
158264,0.87
158265,111.33
158266,7.83
158267,1.08
158268,6.1
158271,2.9
158273,0.37
158275,13.05
158276,4.0
158277,27.08
158280,23.47
158281,0.07
158285,0.23
158289,1.42
158291,1.35
158292,1.0
158293,0.2
158294,0.83
158296,0.05
158297,51.52
158298,0.12
158299,0.63
158301,0.1
158302,6.88
158306,0.82
158307,36.78
158308,0.05
158309,0.25
158312,9.92
158314,5.95
158315,42.72
158317,0.8
158318,18.92
158319,2.03
158322,54.1
158324,1.43
158331,10.6
158332,14.15
158335,25.12
158337,9.57
158341,4.62
158342,7.23
158344,0.33
158346,0.68
158349,5.87
158350,1.63
158351,0.67
158352,0.47
158354,0.48
158355,0.25
158361,3.23
158362,3.23
158363,0.1
158364,54.0
158369,15.85
158371,5.2
158372,0.67
158373,0.35
158375,5.05
158377,0.62
158379,1.53
158381,0.05
158382,45.7
158383,0.05
158386,4.2
158392,6.18
158393,9.38
158395,0.98
158396,0.25
158399,0.08
158400,7.05
158401,6.03
158402,1.97
158403,3.17
158406,0.67
158409,6.37
158411,5.05
158412,9.92
158415,13.1
158421,5.57
158423,1.42
158426,0.07
158428,5.55
158430,7.67
158434,4.47
158435,0.77
158440,6.6
158445,29.28
158446,12.05
158447,66.35
158449,0.88
158451,1.43
158452,42.53
158454,2.7
158458,20.02
158462,3.3
158467,0.75
158468,6.18
158470,24.4
158477,0.88
158479,36.02
158485,0.37
158492,22.73
158493,0.57
158497,0.8
158499,0.27
158500,22.97
158504,0.23
158505,4.98
158510,0.13
158511,26.92
158512,1.1
158515,79.27
158521,20.77
158522,10.95
158526,1.42
158527,1.6
158529,1.35
158533,1.3
158535,0.83
158537,34.85
158539,1.08
158540,0.07
158544,0.63
158547,0.05
158548,5.08
158549,2.88
158556,18.92
158561,10.52
158562,0.47
158563,13.98
158565,4.15
158572,0.18
158586,22.55
158589,0.05
158594,5.47
158597,77.43
158598,11.37
158599,5.5
158600,38.28
158602,2.05
158604,0.3
158606,5.73
158607,0.63
158608,0.77
158610,6.58
158612,0.52
158615,0.15
158616,5.05
158618,19.1
158619,18.4
158620,6.27
158621,42.15
158627,0.07
158628,1.2
158630,0.82
158636,0.35
158637,2.75
158638,15.1
158639,6.02
158640,0.48
158646,0.32
158648,3.87
158650,39.47
158652,0.9
158661,0.07
158667,0.13
158670,0.12
158671,0.88
158672,22.27
158675,0.73
158678,5.03
158679,25.5
158684,0.07
158689,5.27
158693,5.73
158694,3.03
158696,2.63
158697,0.22
158698,0.22
158701,3.3
158703,0.52
158707,0.53
158708,0.62
158714,0.2
158716,0.55
158718,3.03
158719,23.65
158727,2.78
158730,0.08
158731,18.8
158736,0.35
158738,0.17
158741,0.68
158742,26.78
158745,0.15
158749,10.95
158750,0.37
158752,10.15
158754,5.47
158755,16.35
158760,5.97
158761,72.63
158762,0.05
158763,5.47
158768,20.68
