student_id,minutes_watched
9,0.27
67,27.03
144,0.2
209,14.58
389,0.15
519,4.28
530,45.43
560,1.22
575,4.23
666,2.83
711,0.12
875,46.77
1146,5.38
1314,6.83
1321,4.32
1338,1.95
1357,0.12
1373,45.92
1395,98.58
1397,27.83
1424,0.07
1425,0.55
1437,47.1
1456,0.4
1520,2.1
1559,0.7
1614,3.85
1688,11.37
1845,9.45
1866,0.08
1907,4.68
2022,94.05
2147,32.32
2185,64.43
2188,11.88
2266,10.27
2629,1.55
2688,70.63
2759,0.25
2863,2.58
2938,113.58
2960,0.1
2992,13.8
3063,7.3
3074,1.12
3078,6.35
3101,0.32
3270,30.23
3297,3.38
3304,9.42
3366,0.57
3522,1.37
3985,0.12
4112,47.85
4231,59.12
4298,3.77
4408,43.63
4439,0.37
4566,4.18
4696,0.45
4761,4.0
4801,1.4
4819,2.75
4907,4.62
5058,1.27
5162,0.92
5221,23.65
5237,6.22
5328,0.37
5400,0.27
5472,15.88
5534,6.55
5567,0.45
5683,20.3
5704,0.1
5790,14.58
5944,6.57
5974,0.33
6002,0.3
6110,19.62
6174,5.67
6313,4.27
6426,0.18
6474,12.4
6754,55.68
6801,22.25
6882,0.72
6957,51.13
6992,0.67
7282,6.72
7296,0.1
7327,12.63
7541,95.1
7580,29.1
7815,1.95
8077,16.05
8194,1.18
8407,6.98
8442,6.27
8572,40.25
9095,0.18
9101,1.02
9149,0.2
9268,1.4
9382,24.77
9399,0.28
9771,17.07
9809,0.18
9896,9.45
10218,0.08
10242,16.43
10390,1.05
10721,5.88
11504,0.45
11765,0.1
12104,0.25
12360,18.22
12383,0.28
12411,7.25
12526,0.15
12772,0.53
12820,116.7
13132,34.1
13157,9.72
13830,2.05
13979,1.57
14140,96.75
14216,92.57
14455,23.58
14672,0.08
15150,1.2
15236,2.08
16158,38.8
16202,0.25
16287,5.28
16729,65.18
16744,33.18
17688,7.02
17774,17.08
17881,8.02
18075,1.05
18278,0.37
18738,21.8
18757,1.02
18811,0.32
19026,0.72
19842,43.82
20309,0.1
20529,25.92
20860,7.1
20906,43.18
20907,0.22
21562,0.4
21703,46.88
21736,1.43
21796,0.05
22651,7.67
22994,38.78
23113,20.17
23209,38.72
23287,0.47
23628,24.28
23913,79.28
23984,1.52
24206,7.08
24385,0.35
24424,10.82
25133,3.2
25233,14.45
25494,33.18
25548,2.63
27155,20.78
27560,12.82
28298,1.75
28320,0.35
28585,21.5
28960,22.32
29249,66.68
29611,15.12
29754,0.05
29987,2.15
30623,6.28
30984,0.4
31770,83.5
32675,1.37
32687,64.47
32710,0.05
32711,0.8
32713,39.7
33250,0.28
33925,5.28
34175,48.88
36005,0.4
36723,0.5
36760,0.05
37337,32.65
38021,11.13
38205,6.45
38225,9.98
38393,12.03
39366,58.13
39845,0.08
40629,41.58
42269,2.73
42622,4.27
42902,25.43
43161,20.5
43214,41.35
43540,3.77
43697,86.97
43934,0.8
44291,24.58
44316,36.33
44744,0.12
45910,2.13
46433,31.97
47363,92.22
48097,6.37
48762,0.08
48884,51.28
49094,0.48
49389,25.95
49877,0.1
51100,47.72
51169,7.42
51548,47.13
51938,45.42
52209,25.6
53781,0.05
54678,3.87
57822,1.85
58606,0.45
59019,2.57
59227,4.03
59292,2.93
59340,1.13
59945,0.17
60297,41.58
60997,6.05
61784,5.95
62938,0.27
63354,0.15
65156,77.02
65418,0.23
65658,2.22
66103,91.77
67153,1.43
68087,31.58
69207,13.9
70008,33.35
70129,5.03
70445,3.72
70795,3.87
71790,17.75
71975,0.28
72128,0.15
72802,4.15
72954,11.93
72965,46.47
74690,4.85
75023,34.35
75606,0.18
75640,2.1
75683,0.05
75705,0.38
75823,25.13
75971,0.6
76350,33.55
76425,6.03
76930,48.25
77615,0.35
78111,3.6
78575,4.3
78808,41.72
79029,35.75
79144,1.2
81693,24.02
81980,14.75
82714,1.85
85157,0.05
87130,0.77
88120,7.72
88147,1.17
88618,49.05
88979,16.1
89102,0.1
89292,4.58
89658,0.27
90247,5.83
90920,139.65
93890,59.27
93897,30.18
94261,11.28
94658,0.08
94930,0.42
96207,1.45
97910,48.05
99728,0.38
101532,1.58
103060,5.15
104682,11.1
105231,13.58
105834,5.2
109146,43.78
109342,0.32
112441,53.08
112965,0.52
114289,15.8
115040,28.6
115218,1.53
115963,9.87
119516,1.52
120117,2.43
120239,9.97
120579,1.58
120982,2.75
121337,5.43
121828,2.78
122442,5.1
123015,40.75
123128,21.13
123311,9.52
123523,0.62
123684,10.58
123905,41.93
125111,0.97
125293,9.85
125372,3.4
126016,41.27
126290,0.35
126406,0.72
134726,3.95
135752,1.25
135762,0.05
135768,0.8
135973,15.0
137387,16.25
138858,0.35
138927,0.25
139043,0.3
139592,96.67
139776,11.47
139788,1.3
139832,0.08
140195,2.53
140500,34.25
140715,13.83
141686,0.53
141711,16.67
142411,22.17
142447,2.97
142790,3.22
143417,3.48
143621,35.85
143935,36.1
143965,4.48
143992,2.3
144032,91.47
144279,15.92
144406,1.15
144664,0.33
145161,4.92
145434,0.78
145767,84.88
145863,16.57
146021,0.8
146224,44.45
146397,0.87
146405,1.02
146891,80.82
146908,37.63
146925,13.32
146993,0.28
147045,109.18
147062,0.22
147197,15.32
147204,8.0
147330,3.8
147378,28.88
147643,6.28
147656,3.03
147665,2.68
147732,0.07
147939,44.92
148089,1.73
148298,2.1
148786,0.38
148792,2.07
149130,0.5
149218,9.18
149235,0.35
149580,3.98
149620,0.65
149753,7.45
149767,0.57
149800,0.12
149999,12.33
150418,1.43
150652,0.08
150834,1.87
150839,20.12
151077,0.37
151163,2.53
152395,11.43
152716,0.57
152918,0.33
152949,4.47
152989,0.12
153685,10.47
153717,0.22
153819,0.13
153860,1.22
154068,6.2
154100,17.83
154339,0.07
154664,20.8
155080,5.28
155094,4.92
155463,1.22
155554,0.05
155712,65.87
155925,2.02
156111,0.83
156212,5.08
156221,1.78
156282,6.15
156291,0.5
156580,18.87
156933,41.73
157086,20.87
157558,11.17
157603,101.55
157897,0.05
158212,8.07
158214,0.68
158230,23.63
158280,103.98
158412,0.18
158423,2.2
158541,1.1
158846,20.68
159278,0.05
159545,1.12
159802,0.28
159848,38.45
159983,2.58
159986,40.87
160008,3.05
160043,1.93
160049,15.78
160074,0.42
160795,0.27
160863,0.55
161099,2.17
161318,11.67
161373,1.72
161445,43.77
161585,0.67
161623,0.07
161660,0.08
161673,10.6
161682,0.92
161707,2.2
161934,0.85
162108,0.92
162124,37.62
162295,0.18
162357,0.33
162379,31.88
162427,10.3
162517,0.37
162549,19.88
162566,23.07
162633,1.38
162646,3.05
162703,42.15
163113,12.48
163271,5.72
163376,1.15
163461,7.15
163637,6.18
163834,0.38
163878,0.52
163909,30.73
164165,1.87
164198,2.85
164203,16.88
164227,5.55
164538,3.05
164617,3.25
164645,0.1
164663,2.98
164761,1.1
164770,16.25
164930,3.58
165174,4.73
165630,1.08
165764,0.53
165874,39.02
166089,1.5
166237,42.68
166247,6.65
166257,1.75
166282,1.4
166304,7.9
166597,1.37
166699,124.87
166837,71.88
167080,0.08
167101,109.28
167168,14.08
167685,1.03
167693,27.25
167874,0.15
168147,5.7
168266,0.88
168545,7.67
168573,68.38
168598,0.55
168684,2.95
168792,0.92
168798,2.7
168855,1.55
169124,8.72
169187,41.5
169332,20.17
169408,0.15
169681,0.55
169764,44.73
169909,23.97
170023,5.92
170068,0.25
170253,2.32
170485,0.55
170574,0.3
170794,5.02
170986,39.4
171213,3.0
171239,0.1
171274,1.07
171301,21.23
171566,15.02
171582,5.92
171735,2.82
171856,7.47
172004,6.58
172059,0.17
172080,0.5
172178,18.78
172184,26.08
172235,15.87
172246,2.82
172276,82.45
172386,0.15
172395,0.5
172407,0.62
172412,6.03
172436,8.32
172544,3.97
172560,9.95
172582,1.1
172596,1.97
172677,17.35
172761,10.22
172779,0.2
172788,0.42
172842,0.1
172868,36.33
172887,24.22
172903,12.32
172945,39.07
172976,1.63
172979,43.62
172983,0.13
173244,2.9
173357,0.1
173395,34.48
173600,30.82
173667,0.45
173687,39.48
173764,8.7
173906,0.42
173939,28.2
174034,1.87
174110,7.82
174179,4.0
174226,2.47
174317,21.7
174402,0.22
174451,2.43
174547,3.07
174549,0.18
174557,1.87
174573,0.12
174665,0.07
174711,0.85
174826,0.05
174827,0.28
174886,81.77
174949,0.1
174957,1.9
175111,0.9
175144,39.52
175217,2.05
175292,24.07
175407,0.18
175647,11.2
175676,2.22
175827,5.32
175895,72.5
175898,10.58
175987,1.0
176060,22.4
176125,6.52
176269,0.93
176294,4.77
176369,0.35
176394,9.2
176396,25.1
176400,63.35
176510,0.05
176513,50.95
176610,18.17
176804,0.1
176919,23.33
176939,1.07
177033,72.53
177222,0.08
177245,0.33
177286,0.38
177305,30.37
177310,28.18
177507,82.1
177528,1.28
177567,6.55
177584,5.58
177684,0.37
177744,16.5
177810,25.93
177884,29.93
177885,0.23
177970,0.18
178072,35.3
178078,1.13
178140,35.03
178169,0.1
178204,0.28
178285,2.12
178296,0.15
178454,0.12
178479,3.5
178520,3.27
178524,4.75
178603,5.72
178753,1.57
179122,14.48
179215,31.3
179249,41.6
179461,17.17
179515,0.3
179739,1.42
179848,0.22
179922,3.97
179929,28.13
180062,4.12
180104,17.9
180163,0.07
180325,0.48
180426,2.12
180622,27.77
180636,1.27
180642,0.38
180730,2.57
180823,14.62
180875,0.18
180963,2.67
180966,0.07
181079,1.32
181099,2.13
181286,0.17
181352,3.33
181438,20.22
181563,5.18
181605,10.6
181622,4.15
181653,3.15
181750,75.07
181830,1.87
181850,103.42
181892,0.37
181893,0.1
181939,11.73
182135,0.32
182159,0.45
182241,2.17
182284,9.23
182297,15.92
182432,4.23
182544,5.6
182555,4.52
182712,44.37
183066,0.15
183127,5.13
183213,15.73
183383,0.3
183385,14.32
183484,39.53
183512,15.8
183557,37.92
183612,1.83
183629,3.33
183691,9.3
183735,9.12
183741,1.18
183828,0.23
183857,0.05
183867,0.23
183896,0.15
184045,8.05
184068,27.15
184118,0.68
184185,0.4
184196,28.9
184229,4.22
184253,21.27
184263,16.63
184297,83.87
184366,15.77
184485,0.47
184552,37.27
184575,0.52
184603,59.22
184604,58.93
184620,0.05
184719,23.2
184727,0.05
184746,0.43
184783,12.73
184921,4.12
185020,0.65
185055,4.1
185094,0.92
185501,0.23
185508,7.17
185510,3.87
185515,0.07
185704,50.9
185768,3.6
185871,0.15
185982,8.67
186147,8.5
186171,6.25
186186,4.15
186402,0.4
186409,5.53
186473,6.83
186626,0.63
186874,5.88
187047,1.05
187082,24.97
187361,0.62
187409,0.05
187587,1.07
187940,0.55
188012,0.5
188065,1.57
188090,0.6
188109,19.23
188256,4.27
188349,16.6
189145,0.38
189571,1.2
189878,8.53
190055,4.35
190161,0.07
190611,1.67
190660,57.28
190663,7.05
190773,108.32
191182,19.78
191403,20.92
191412,1.9
191430,1.88
191551,27.65
191632,0.12
191702,3.13
191879,0.6
191946,0.93
191980,12.32
192256,9.2
192304,10.93
192348,0.05
192641,0.93
192714,16.3
192890,36.48
193108,9.35
193140,0.1
193159,0.05
193182,1.02
193266,5.1
193434,65.03
193478,27.1
193587,0.42
193768,28.38
193805,0.2
194127,31.68
194680,22.13
194789,20.32
194885,10.58
194887,87.95
195241,121.1
195442,0.08
195486,1.2
195688,0.22
195730,0.57
195743,2.45
195745,29.95
195758,40.82
196208,0.13
196224,1.23
196284,9.97
196351,2.33
196581,0.37
196591,10.88
196908,0.77
196947,0.08
196978,2.12
197010,58.45
197262,0.13
197321,70.93
197574,8.93
198334,1.2
198364,2.07
198406,0.3
198525,1.62
198538,123.88
198702,110.87
198828,0.15
198947,0.5
199071,1.22
199249,34.75
199340,1.02
199457,45.85
199516,2.15
199761,0.05
199788,0.97
199847,41.72
199857,7.02
200047,6.1
200342,0.15
200386,4.37
200471,3.73
200579,47.23
200602,1.2
200634,0.72
200715,29.18
200820,91.85
200990,0.33
201147,0.43
201190,0.05
201253,0.12
201394,14.88
201445,3.45
201478,17.1
201580,20.55
201658,1.18
201778,37.67
201784,3.28
201881,22.63
201928,41.42
202100,0.45
202109,35.1
202137,1.52
202344,2.87
202546,68.2
202781,46.47
202972,0.73
203005,4.47
203103,22.1
203189,4.58
203259,37.15
203411,0.33
203650,0.13
203654,0.7
203765,2.42
203798,3.58
203884,141.47
203975,44.33
204052,5.67
204273,5.03
204295,11.28
204341,15.13
204367,0.07
204457,1.08
204482,20.58
204566,0.05
204717,0.65
204848,27.78
204858,6.7
205122,4.83
205603,0.5
205638,1.38
205642,0.05
205777,34.68
206068,94.93
206101,59.07
206159,18.7
206241,1.5
206245,0.68
206361,1.08
206439,12.53
207256,7.15
207387,0.07
207573,0.4
207640,0.17
207655,6.65
207660,0.98
207714,0.17
208089,0.28
208130,0.52
208165,0.22
208199,67.03
208249,3.12
208364,2.7
208377,0.52
208606,0.8
208944,7.75
208995,0.73
209054,4.53
209096,41.63
209263,89.93
209592,0.48
209746,0.08
209928,3.72
209963,1.53
209967,1.37
210012,1.5
210024,7.87
210127,0.77
210176,0.05
210241,66.33
210350,7.67
210585,0.4
210861,3.65
210870,0.23
210910,9.43
211004,0.12
211175,50.58
211188,28.63
211319,0.05
211370,0.45
211385,4.58
211515,0.13
211535,27.78
211654,46.97
211671,8.9
211732,19.3
211987,8.83
212004,1.1
212157,2.9
212261,1.52
212426,0.15
212452,26.45
212456,89.17
212483,5.25
212551,13.68
212585,7.47
212833,61.9
212841,84.15
212860,2.2
212998,17.83
213046,0.15
213182,1.15
213468,29.98
213527,29.15
213529,28.88
213546,1.63
213613,26.28
213799,11.68
213894,0.33
213962,19.47
213963,28.57
214059,0.63
214134,0.22
214137,72.95
214195,0.58
214287,0.17
214312,0.18
214353,0.48
214519,133.97
214559,19.65
214617,1.27
214719,0.05
214897,0.85
214939,1.33
214959,60.93
215021,0.17
215085,0.35
215225,0.32
215342,4.38
215419,0.68
215852,1.03
215903,0.12
215907,43.12
215915,132.63
215945,2.9
216201,0.28
216283,8.95
216308,12.83
216314,11.57
216444,24.45
216446,0.12
216489,0.12
216535,0.52
217003,0.22
217380,1.05
217386,0.58
217654,0.28
217663,3.4
217785,43.68
218448,1.53
218716,0.92
218957,69.07
219029,0.57
219164,0.1
219315,62.28
219344,0.08
219477,11.07
219542,12.18
219543,0.13
219684,14.62
219739,0.77
219748,0.4
219983,10.4
220012,10.15
220042,2.37
220363,0.73
220508,2.23
220586,7.38
220610,13.18
220772,8.57
220781,3.87
221023,43.5
221093,8.15
221232,1.27
221243,7.95
221328,3.58
221418,4.58
221541,28.65
221547,0.17
221583,45.1
221905,0.08
221923,5.32
221992,30.05
222072,0.17
222179,0.45
222301,4.5
222320,36.63
222386,22.22
222469,2.88
222519,0.28
222614,2.3
222708,6.9
222849,0.18
222872,14.65
222920,20.5
222987,0.05
223011,43.35
223052,0.05
223386,22.15
223398,11.63
223486,38.97
223491,0.12
223540,0.18
223597,0.18
223671,21.78
223685,72.05
223721,61.25
223734,0.1
223855,47.17
224141,0.7
224204,0.8
224291,11.85
224398,0.07
224401,17.33
224535,0.25
224547,27.67
224633,1.08
224779,162.52
224781,13.2
224785,0.05
224869,7.87
224905,11.08
224955,8.3
225121,15.72
225177,0.12
225180,4.5
225238,10.12
225442,30.93
225651,7.33
225806,0.17
225818,0.08
225883,0.55
225892,45.37
226061,13.48
226171,0.27
226187,9.07
226409,0.38
226420,0.32
226517,12.28
226527,112.77
226860,0.38
226894,17.72
226997,4.42
227113,15.95
227125,0.23
227272,0.05
227315,0.28
227377,25.03
227390,0.78
227407,68.42
227485,4.57
227532,5.2
227845,39.58
227906,3.63
228016,2.3
228059,4.33
228121,4.43
228204,113.8
228255,0.53
228329,0.28
228367,48.88
228508,6.67
228554,12.02
228614,6.58
228684,10.83
228730,11.92
228913,0.4
229159,64.32
229345,3.42
229409,5.53
229422,9.27
229524,91.88
229695,0.37
229738,0.28
229993,56.55
230022,0.28
230056,7.02
230169,1.37
230191,0.33
230422,51.72
230540,15.0
230569,1.3
230664,15.03
230675,34.05
230961,33.23
230962,11.77
230977,5.02
231152,0.38
231319,18.5
231355,4.63
231474,0.85
231554,73.22
231590,0.05
231885,3.5
232104,10.85
232132,30.53
232201,1.5
232219,0.55
232224,37.57
232700,12.9
232833,5.48
233082,39.13
233088,0.53
233177,5.35
233233,71.3
233245,5.92
233250,18.98
233494,17.32
233577,0.17
233639,5.23
233711,0.22
233867,0.3
234039,32.12
234084,5.58
234254,0.2
234296,0.13
234445,1.05
234481,17.48
234524,0.37
234749,1.13
234841,1.92
234853,6.45
234914,68.98
234990,5.38
235104,3.38
235148,0.62
235159,1.05
235224,0.25
235228,7.65
235322,1.0
235456,0.28
235560,94.95
235707,0.68
235823,8.05
235896,1.68
235913,28.45
235990,2.18
236058,32.97
236064,2.78
236441,15.47
236476,0.08
236501,48.65
236606,1.03
236647,4.43
237049,1.9
237076,2.43
237466,2.22
237740,4.5
237759,1.27
237820,0.53
237907,11.3
237969,0.85
237976,1.08
238112,137.25
238340,17.55
238359,0.65
238401,26.5
238426,8.12
238480,1.22
238499,0.07
238596,17.12
238756,1.22
238865,18.57
238915,0.05
238916,3.7
238956,1.6
239019,8.17
239119,0.98
239133,28.83
239322,0.48
239381,0.12
239430,0.95
239504,5.2
239578,1.2
239850,47.95
239927,0.15
240067,0.17
240107,0.17
240216,2.38
240223,0.12
240281,4.15
240377,5.37
240398,20.32
240442,27.3
240458,1.1
240481,34.35
240506,8.3
240677,53.4
240734,0.13
240753,1.32
240874,10.33
240882,23.23
240954,0.05
241053,41.65
241159,0.82
241276,0.32
241282,34.35
241324,0.73
241439,0.33
241509,39.38
241609,6.0
241611,1.22
241641,49.13
241755,80.4
241777,2.02
241811,0.2
241999,0.12
242023,2.82
242186,139.48
242314,3.15
242397,76.08
242442,37.65
242486,7.28
242564,89.65
242576,101.63
242930,0.13
242938,60.4
243267,0.7
243274,19.38
243410,0.15
243427,0.67
243454,7.3
243528,1.13
243557,0.07
243812,0.08
243954,0.47
244036,0.05
244271,0.7
244618,0.07
244629,27.52
244872,4.1
244942,0.13
245222,0.23
245479,2.4
245482,44.35
245483,74.35
245562,34.52
245591,0.07
245610,14.67
245755,23.53
245811,28.25
246041,0.63
246108,3.23
246225,91.42
246423,7.47
246728,7.42
246952,0.13
247086,1.58
247151,109.33
247439,0.62
247494,85.42
247688,36.22
247723,7.98
247775,59.37
247903,25.1
248209,1.58
248229,70.07
248265,7.47
248359,0.48
248430,2.4
248451,6.13
248498,10.28
248700,53.65
248759,7.55
248883,6.37
248972,3.78
248973,8.2
249223,0.72
249276,24.23
249282,9.35
249383,10.23
249529,4.78
249546,15.05
249634,0.12
249678,16.37
249697,11.38
249725,0.63
249847,22.77
250078,3.67
250222,0.3
250237,0.05
250391,0.07
250417,0.17
250501,41.57
250652,0.23
250710,38.1
250916,7.02
250989,1.38
251050,2.12
251389,2.2
251424,43.42
251525,29.1
251530,0.13
251587,9.6
251694,13.9
251696,42.97
251725,64.42
251765,11.3
251773,3.23
251855,0.5
251891,0.1
251950,0.45
252021,8.87
252262,4.92
252275,0.3
252309,27.75
252394,1.33
252417,0.8
252465,9.58
252832,0.88
252870,5.85
252998,0.05
253036,0.68
253142,32.6
253151,25.95
253153,39.38
253166,1.6
253215,2.8
253427,34.13
253591,11.27
253700,2.02
253753,15.23
253847,23.52
254023,15.12
254192,0.23
254206,0.4
254325,0.42
254546,14.63
254567,26.33
254732,2.62
254845,0.42
255085,35.42
255137,1.48
255179,0.22
255191,27.28
255205,3.1
255287,1.02
255329,0.1
255511,43.7
255603,6.6
255634,7.58
255768,1.27
255838,5.43
255892,8.55
255923,30.08
255931,5.9
256043,16.97
256133,1.18
256168,0.17
256209,1.4
256332,1.38
256386,149.58
256409,59.82
256436,57.25
256548,0.57
256568,1.57
256598,4.97
256654,35.7
256704,1.83
256737,1.5
256832,8.57
256888,14.28
256890,0.27
257036,53.1
257213,52.18
257255,0.12
257270,63.3
257305,3.42
257472,0.12
257648,21.93
257753,0.63
257762,2.45
257825,0.5
257855,25.52
257871,6.73
257894,20.3
257948,23.5
258009,6.48
258014,1.5
258046,0.83
258211,0.22
258262,0.05
258295,0.62
258305,1.25
258318,1.13
258349,0.05
258362,7.77
258374,7.58
258506,0.25
258508,59.88
258515,2.53
258605,1.05
258613,0.37
258669,5.12
258845,11.82
258892,3.78
258897,0.1
258907,12.25
258915,3.33
258940,7.58
258971,0.3
259036,6.47
259098,19.77
259123,24.35
259178,37.8
259229,0.4
259349,1.68
259383,20.3
259418,11.8
259460,0.08
259666,0.3
259715,42.28
259724,0.35
259762,18.97
259978,21.42
260008,0.12
260038,0.53
260123,5.2
260153,10.63
260271,2.93
260314,32.75
260334,14.07
260373,0.9
260383,5.05
260591,1.43
260743,4.37
260750,75.07
260795,0.47
260853,0.33
260888,0.33
260899,2.87
261102,17.1
261133,18.78
261152,3.98
261261,1.05
261336,4.58
261364,0.72
261449,1.58
261453,4.17
261473,2.02
261581,39.75
261583,1.05
261620,1.58
261656,27.05
261688,0.05
261706,8.05
261716,32.33
261720,0.22
261848,9.52
261902,0.88
261933,0.25
262046,14.72
262073,1.22
262134,0.55
262246,14.75
262363,0.17
262369,2.77
262385,6.25
262469,1.77
262566,0.08
262594,7.17
262676,4.68
262711,48.2
262724,1.63
262806,3.78
262870,3.05
262882,1.8
262886,1.28
262979,0.28
263024,36.87
263156,11.68
263187,28.4
263227,14.82
263236,17.3
263386,30.78
263438,25.02
263482,60.78
263583,1.83
263628,14.63
263655,0.17
263722,0.65
263735,34.33
263875,93.08
263886,5.53
263895,6.6
263908,12.25
263950,4.65
263958,1.63
264062,7.22
264066,0.15
264079,30.68
264097,1.85
264100,0.82
264114,6.45
264135,44.82
264194,3.07
264215,7.0
264238,10.6
264255,3.58
264279,0.38
264306,10.23
264315,0.45
264333,0.35
264348,40.28
264361,2.08
264367,0.33
264474,2.47
264686,10.27
264695,3.42
264699,79.12
264722,1.42
264723,23.25
264729,5.2
264730,8.53
264738,0.5
264744,1.9
264810,41.55
264828,89.98
264831,132.08
264840,31.75
264876,5.3
264914,4.8
264952,13.05
264974,1.13
265028,4.27
265031,1.58
265037,0.5
265048,8.2
265056,14.95
265099,0.48
265137,0.1
265142,8.72
265145,7.15
265148,7.42
265255,0.87
265267,0.18
265273,3.62
265291,39.18
265340,0.1
265351,2.7
265356,2.58
265362,33.93
265477,0.17
265534,64.58
265560,38.17
265595,21.97
265652,3.63
265681,28.37
265731,1.47
265769,7.72
265820,0.52
265863,43.02
265866,1.7
265881,1.47
265907,13.62
265930,17.97
265942,43.33
265958,0.42
265968,42.68
265969,76.53
266029,9.37
266030,10.03
266038,0.68
266041,168.17
266059,2.3
266065,61.57
266126,6.88
266138,0.8
266176,1.03
266187,55.98
266191,0.65
266209,58.3
266251,23.13
266255,0.5
266312,15.45
266315,57.48
266320,12.93
266388,58.33
266397,6.92
266418,36.02
266447,73.28
266480,20.57
266481,8.07
266507,0.45
266525,0.88
266597,0.9
266609,0.13
266619,7.43
266673,0.48
266685,26.25
266692,1.6
266695,70.05
266704,2.08
266711,45.23
266743,41.08
266795,3.12
266814,0.07
266829,29.37
266860,0.17
266867,2.33
266912,1.9
266916,8.07
266924,0.93
266945,4.08
266986,0.22
266995,7.18
267007,34.38
267025,10.7
267032,13.82
267036,5.28
267054,8.03
267068,22.5
267138,0.7
267154,6.47
267162,47.42
267206,0.52
267213,3.2
267226,9.07
267234,35.22
267240,2.8
267293,48.62
267329,1.87
267345,10.42
267412,2.75
267451,1.45
267463,32.55
267516,1.65
267534,36.1
267582,9.23
267606,0.38
267611,18.52
267661,14.27
267684,9.48
267699,0.23
267732,0.22
267736,0.07
267743,16.93
267771,65.27
267816,0.72
267842,5.52
267875,2.98
267880,34.95
267937,17.62
267967,1.02
267971,6.8
267973,37.42
268014,3.63
268027,25.53
268033,4.63
268057,3.67
268060,0.43
268061,4.25
268120,1.38
268134,1.65
268177,59.38
268240,51.77
268262,1.35
268300,8.8
268302,0.72
268315,0.08
268341,12.63
268350,8.98
268359,19.83
268365,2.87
268396,0.5
268435,79.77
268440,7.35
268444,136.63
268505,0.12
268528,32.62
268536,60.4
268551,30.83
268613,0.18
268620,51.07
268621,62.43
268639,2.1
268654,1.52
268659,1.9
268669,0.6
268678,66.57
268679,29.82
268682,7.52
268684,6.5
268685,4.07
268689,3.72
268701,2.88
268709,3.72
268716,9.8
268719,22.8
268728,9.38
268734,0.83
268759,58.93
268761,5.52
268765,117.23
268803,14.9
268814,6.12
268816,52.18
268818,8.72
268820,12.18
268835,3.12
268840,21.4
268855,6.45
268858,7.03
268874,37.9
268891,0.23
268895,2.53
268907,28.23
268916,11.1
268943,0.55
268957,14.12
268960,1.45
268977,0.7
268980,0.1
268984,17.77
268992,0.55
268993,4.28
268994,67.72
269003,47.87
269018,1.07
269023,46.83
269028,26.18
269092,0.82
269094,14.8
269099,5.32
269109,1.2
269119,18.85
269126,137.48
269135,39.8
269137,4.43
269139,69.3
269143,18.48
269144,22.4
269167,34.23
269169,13.3
269170,0.63
269171,0.35
269172,1.58
269178,41.73
269179,37.87
269180,0.25
269181,0.18
269183,5.88
269186,141.85
269187,0.05
269189,1.47
269190,0.05
269191,10.62
269196,11.68
269198,141.17
269199,0.8
269202,5.73
269203,53.43
269207,1.2
269208,27.13
269209,39.53
269210,4.15
269211,1.35
269214,0.95
269215,0.2
269216,3.0
269217,9.13
269218,45.12
269219,0.1
269225,32.08
269229,0.18
269231,2.25
269238,1.53
269239,32.32
269240,2.35
269241,0.37
269244,1.2
269246,6.45
269247,0.45
269248,10.82
269249,1.13
269251,1.82
269252,0.7
269253,14.5
269254,0.2
269259,0.22
269262,7.65
269263,7.98
269266,40.27
269270,43.32
269272,23.18
269273,17.08
269274,36.65
269278,2.27
269280,2.87
269282,44.65
269283,35.13
269286,1.2
269287,0.37
269288,2.23
269290,7.7
269293,1.17
269299,1.07
269302,0.88
269304,5.35
269305,1.28
269312,17.2
269315,25.42
269319,3.95
269328,1.77
269330,29.88
269335,0.92
269336,4.75
269337,9.77
269340,29.93
269341,0.08
269344,148.33
269346,87.02
269356,9.82
269357,1.6
269363,44.38
269365,9.45
269366,0.7
269367,39.65
269370,2.73
269371,3.23
269372,29.63
269373,10.75
269374,0.58
269377,0.92
269378,0.38
269382,0.95
269383,36.37
269384,10.07
269386,0.87
269387,1.83
269389,12.85
269392,25.33
269393,7.45
269396,88.38
269400,13.72
269404,7.47
269409,1.35
269411,10.02
269414,66.05
269415,0.72
269416,4.22
269417,1.82
269430,132.87
269434,1.03
269435,42.33
269438,0.05
269439,3.83
269446,0.93
269449,0.25
269450,36.72
269454,2.32
269455,0.15
269458,101.07
269459,5.68
269461,0.1
269463,30.23
269465,17.02
269466,5.88
269468,77.22
269471,1.78
269475,35.58
269478,11.32
269483,5.1
269484,1.13
269486,6.65
269487,4.35
269496,1.57
269498,59.12
269502,10.1
269505,0.32
269508,0.65
269511,11.92
269512,4.92
269513,5.8
269517,0.15
269520,0.57
269522,42.4
269526,6.93
269529,73.98
269532,16.83
269536,10.13
269537,1.47
269538,3.28
269547,0.27
269548,9.53
269550,6.52
269552,0.2
269553,45.15
269556,0.05
269559,34.53
269560,121.88
269562,0.23
269565,32.65
269569,26.72
269571,0.63
269573,21.85
269576,32.23
269578,17.15
269579,19.87
269583,56.9
269584,0.05
269588,0.18
269591,0.72
269593,60.98
269602,18.52
269607,21.23
269610,42.1
269615,1.6
269616,69.72
269619,21.72
269620,3.28
269622,0.32
269623,19.52
269624,0.35
269625,67.53
269626,2.7
269628,46.85
269629,0.25
269631,51.35
269634,3.98
269636,72.0
269637,0.43
269638,29.82
269647,0.12
269658,10.0
269660,2.25
269663,0.07
269664,35.45
269666,42.03
269669,21.57
269674,5.7
269676,18.72
269680,10.18
269686,55.28
269687,27.37
269690,83.57
269691,15.0
269693,0.05
269697,10.45
269698,46.53
269699,16.2
269701,41.67
269704,6.47
269709,1.12
269711,95.55
269712,5.87
269716,111.78
269719,6.55
269721,19.05
269725,4.33
269729,4.07
269730,7.33
269732,6.53
269733,6.32
269734,1.62
269736,3.27
269739,73.63
269742,4.05
269745,62.07
269747,39.12
269748,0.07
269749,0.33
269750,12.13
269756,0.1
269757,166.93
269758,20.7
269761,10.38
269768,15.18
269770,1.32
269772,44.38
269773,7.05
269776,6.15
269781,2.03
269782,0.3
269784,10.7
269786,0.05
269789,12.78
269792,10.47
269793,3.52
269800,0.98
269803,0.83
269805,3.37
269806,0.18
269807,67.48
269812,2.83
269813,4.6
269815,47.3
269816,3.23
269818,1.33
269819,51.57
269827,87.55
269832,43.05
269835,7.58
269838,52.33
269840,53.6
269841,101.15
269844,16.75
269847,3.18
269848,0.47
269852,2.52
269853,3.62
269855,0.75
269857,10.55
269858,15.63
269863,2.62
269867,22.47
269868,61.77
269869,0.47
269870,0.3
269876,18.2
269877,41.23
269878,44.87
269879,5.12
269885,0.43
269886,44.57
269887,0.15
269895,27.67
269899,45.83
269906,96.3
269912,0.32
269914,51.08
269915,4.58
269916,6.63
269918,43.72
269920,19.33
269926,6.78
269928,11.58
269930,4.77
269931,0.07
269942,39.97
269943,1.1
269945,6.13
269947,0.35
269948,0.53
269950,0.3
269951,0.32
269956,3.48
269957,0.83
269960,75.4
269961,48.87
269962,11.27
269963,0.9
269966,65.37
269967,28.73
269971,2.02
269974,0.9
269979,23.28
269988,5.73
269992,0.65
269996,4.97
269997,25.53
270004,16.18
270006,1.22
270007,8.43
270012,11.48
270013,1.95
270016,0.4
270017,64.85
270019,5.5
270021,28.88
270025,2.8
270029,3.8
270031,39.55
270032,19.92
270035,0.17
270037,4.62
270038,2.38
270039,41.22
270043,6.28
270044,1.6
270045,22.17
270046,0.38
270047,75.95
270052,0.47
270056,53.82
270058,122.9
270059,55.35
270060,1.78
270065,7.68
270066,16.73
270068,110.93
270069,10.78
270070,0.08
270072,17.13
270074,0.58
270076,2.27
270078,0.42
270079,12.08
270081,7.23
270088,0.47
270090,3.6
270091,16.67
270095,35.2
270100,31.37
270102,1.55
270108,2.55
270109,1.2
270111,5.95
270112,19.17
270117,72.5
270118,6.23
270121,0.05
270124,0.08
270128,22.98
270129,20.77
270132,0.2
270136,4.52
270137,11.83
270142,18.1
270150,2.42
270152,0.47
270153,19.85
270155,57.05
270156,62.82
270162,8.27
270163,3.83
270166,1.2
270171,13.22
270173,2.87
270174,1.2
270180,44.58
270181,0.42
270182,89.8
270184,4.77
270186,7.25
270189,1.75
270190,0.18
270198,0.8
270202,18.3
270204,30.15
270205,47.32
270207,19.6
270216,7.87
270218,6.38
270220,161.15
270224,45.93
270226,0.42
270229,26.73
270230,0.4
270231,39.25
270232,28.42
270235,23.37
270242,26.83
270248,0.07
270249,0.88
270253,10.1
270254,1.2
270256,0.1
270259,49.87
270266,6.53
270267,41.48
270268,0.05
270269,0.32
270271,43.3
270275,0.58
270276,10.02
270277,6.67
270278,34.05
270280,1.35
270282,2.2
270283,0.13
270284,0.1
270285,54.85
270286,0.5
270292,91.23
270294,0.42
270296,29.75
270297,2.42
270298,53.9
270299,1.25
270300,41.08
270301,1.05
270302,36.05
270305,6.28
270308,0.32
270309,0.17
270311,15.38
270312,57.33
270313,139.22
270315,1.2
270322,18.82
270330,1.7
270332,9.75
270334,4.4
270335,39.02
270339,44.1
270340,47.88
270341,5.02
270343,0.13
270344,2.55
270345,5.58
270348,2.82
270349,0.48
270350,6.63
270352,0.1
270353,0.22
270355,17.87
270356,28.58
270362,65.28
270364,42.55
270365,1.48
270366,0.55
270368,1.13
270369,6.1
270373,6.35
270379,2.32
270381,43.78
270382,2.42
270383,21.3
270384,40.73
270385,3.72
270386,3.5
270387,6.12
270388,1.43
270395,43.37
270403,0.28
270404,35.28
270407,35.92
270409,9.62
270412,64.1
270414,87.1
270418,2.85
270420,0.28
270421,0.05
270425,58.6
270426,37.77
270428,53.7
270429,82.03
270432,0.85
270433,38.15
270434,11.63
270435,40.45
270436,40.3
270438,78.9
270439,0.08
270442,61.63
270446,0.63
270448,18.82
270452,0.73
270456,0.05
270458,36.53
270459,11.7
270462,21.37
270463,0.28
270464,0.53
270466,17.15
270467,42.15
270468,6.57
270472,5.12
270475,57.57
270477,2.9
270479,0.28
270484,93.93
270485,31.98
270491,8.8
270493,1.38
270496,81.78
270497,1.55
270503,14.75
270504,79.1
270511,0.52
270512,59.15
270514,8.38
270521,46.77
270522,0.22
270523,10.42
270525,0.5
270527,0.37
270528,6.55
270530,0.48
270531,32.23
270534,0.48
270536,1.03
270537,6.03
270539,14.58
270541,2.98
270542,62.1
270551,0.83
270554,10.62
270555,44.3
270558,0.05
270559,0.3
270562,2.17
270563,11.7
270564,31.52
270569,44.47
270570,1.13
270571,0.32
270573,6.92
270575,6.8
270576,1.13
270578,0.53
270579,0.12
270580,1.93
270581,0.37
270583,0.13
270584,11.08
270585,4.85
270586,77.73
270589,0.07
270592,5.47
270597,10.68
270600,1.1
270601,7.42
270603,11.2
270607,0.5
270611,0.33
270612,11.47
270615,8.45
270617,0.23
270621,1.55
270622,0.52
270624,1.35
270629,7.62
270635,19.3
270637,0.05
270638,1.38
270639,18.37
270641,95.8
270643,0.08
270646,6.57
270649,7.35
270650,0.53
270653,0.27
270654,27.18
270659,2.9
270660,3.4
270666,0.8
270667,41.65
270668,40.18
270673,0.83
270676,16.38
270677,75.98
270678,4.48
270679,11.3
270681,3.95
270683,0.1
270684,0.65
270689,25.68
270690,6.75
270697,0.1
270698,0.57
270703,0.7
270704,0.05
270705,1.23
270706,5.7
270707,1.0
270708,0.78
270711,0.17
270713,3.75
270718,3.77
270722,15.1
270734,17.63
270736,0.98
270739,0.93
270750,1.92
270755,2.18
270758,0.12
270759,92.83
270760,0.17
270766,0.53
270767,1.75
270771,13.12
270772,1.03
270773,36.38
270775,0.73
270776,0.22
270779,0.4
270780,1.35
270783,2.5
270786,15.32
270787,84.5
270790,61.23
270792,1.17
270793,11.22
270795,0.62
270797,15.17
270799,35.47
270801,29.0
270802,2.2
270803,0.23
270805,43.18
270806,0.43
270807,66.63
270809,39.03
270812,2.38
270813,101.73
270814,91.0
270817,4.45
270819,0.58
270820,0.93
270821,0.05
270823,22.05
270830,13.28
270834,31.47
270835,14.32
270836,13.28
270837,6.62
270838,12.93
270839,0.5
270840,0.65
270844,1.13
270853,5.18
270855,39.65
270857,40.92
270859,40.72
270862,16.27
270865,32.4
270866,39.95
270868,13.07
270870,0.15
270871,6.68
270872,51.75
270873,1.2
270879,2.47
270882,5.83
270886,49.6
270888,3.35
270889,6.57
270893,44.27
270895,47.97
270897,1.93
270899,1.58
270900,18.43
270907,59.77
270908,0.57
270912,14.22
270915,1.05
270919,6.52
270922,6.9
270923,25.65
270926,4.75
270927,43.87
270932,0.53
270933,10.98
270936,2.12
270937,19.43
270938,4.42
270942,0.67
270944,1.65
270949,12.48
270950,20.72
270951,0.53
270954,24.17
270960,0.22
270964,42.6
270965,1.18
270967,23.87
270969,5.32
270974,43.73
270976,2.68
270978,8.42
270979,6.08
270980,0.32
270983,32.25
270985,0.15
270991,0.37
270996,11.82
271000,43.3
271005,42.98
271008,1.08
271009,12.9
271012,1.17
271013,44.12
271016,31.65
271020,19.03
271021,20.9
271022,7.93
271024,14.02
271025,1.23
271026,12.95
271030,6.72
271033,20.05
271040,7.37
271042,5.62
271043,11.7
271047,24.02
271048,19.47
271052,17.45
271055,7.75
271056,3.23
271058,11.87
271061,1.68
271064,6.47
271068,18.63
271069,3.12
271070,12.82
271071,53.37
271072,5.03
271073,0.37
271074,0.07
271076,0.63
271078,3.5
271081,2.05
271088,16.77
271090,29.07
271091,94.25
271092,18.4
271093,39.68
271096,0.32
271097,0.47
271099,0.68
271100,17.22
271101,127.65
271102,12.42
271103,0.2
271104,1.2
271105,13.65
271106,87.47
271107,43.78
271109,1.53
271118,1.18
271119,44.45
271135,2.38
271137,0.27
271139,28.42
271143,1.2
271144,51.72
271145,1.2
271146,6.18
271148,163.13
271150,0.48
271151,3.13
271152,0.42
271155,51.02
271156,9.9
271160,0.68
271162,28.02
271165,3.93
271170,23.1
271180,44.77
271181,0.2
271183,67.73
271190,1.2
271201,0.12
271202,3.73
271203,36.77
271204,31.48
271205,0.08
271209,15.83
271211,29.12
271217,18.88
271219,3.77
271223,0.05
271227,41.82
271231,2.35
271234,6.38
271237,24.9
271239,9.3
271242,1.73
271244,3.03
271249,0.22
271254,2.15
271255,7.2
271256,41.02
271257,19.57
271258,0.78
271259,1.72
271261,14.08
271262,18.65
271265,9.87
271271,7.0
271275,93.65
271278,0.95
271280,55.42
271283,38.05
271286,38.22
271287,1.33
271289,7.85
271290,50.6
271291,39.53
271292,41.78
271293,57.17
271294,7.85
271299,29.78
271301,43.67
271303,1.22
271305,70.97
271307,11.17
271308,1.52
271312,10.15
271315,4.5
271322,20.02
271323,0.25
271327,0.48
271328,6.08
271330,6.07
271333,104.87
271334,0.65
271335,54.3
271336,1.2
271346,0.73
271349,17.53
271350,0.05
271351,9.78
271353,41.47
271354,6.55
271358,0.08
271360,56.27
271362,0.12
271363,54.93
271365,21.82
271366,48.27
271367,1.27
271368,76.48
271370,1.67
271372,0.47
271373,18.03
271375,3.38
271379,0.43
271383,0.28
271384,1.2
271385,13.7
271386,12.87
271387,18.02
271391,1.17
271395,0.23
271396,0.7
271398,0.3
271399,21.83
271402,7.0
271404,20.47
271405,2.47
271407,36.02
271409,0.05
271410,25.17
271415,3.93
271416,30.58
271421,0.73
271425,6.88
271430,20.28
271432,56.9
271433,0.92
271434,116.37
271437,8.65
271441,39.75
271442,41.6
271444,7.87
271445,7.08
271447,39.15
271451,15.08
271453,14.8
271454,50.22
271455,1.38
271456,0.55
271457,6.55
271458,48.23
271461,7.47
271463,1.67
271464,0.33
271468,5.88
271470,9.53
271471,6.8
271472,3.6
271473,32.8
271474,0.55
271475,39.03
271481,11.13
271487,6.57
271492,6.95
271493,4.02
271498,2.68
271502,1.48
271503,6.0
271504,2.23
271507,0.2
271512,1.22
271517,1.33
271520,13.37
271521,12.3
271522,23.28
271525,165.92
271527,1.2
271529,0.08
271538,29.23
271539,39.4
271540,38.35
271546,6.18
271548,64.35
271555,2.32
271556,0.38
271562,0.68
271566,83.32
271567,2.72
271569,4.45
271573,0.1
271574,2.33
271575,1.15
271577,6.85
271578,0.05
271580,0.58
271582,3.7
271583,16.73
271584,16.55
271588,3.0
271590,2.0
271594,91.45
271595,20.28
271597,0.1
271598,101.0
271599,6.55
271600,6.67
271602,0.6
271603,36.78
271607,1.87
271609,8.92
271610,0.77
271613,0.1
271614,39.4
271615,1.88
271618,103.45
271619,0.28
271620,35.72
271624,29.88
271626,33.07
271628,4.28
271629,82.9
271632,35.42
271633,0.32
271636,0.58
271640,1.65
271641,0.25
271642,0.75
271643,20.28
271644,0.1
271645,0.05
271647,30.72
271648,9.27
271653,0.37
271657,50.27
271658,37.1
271663,1.5
271665,1.93
271667,9.85
271668,0.27
271669,48.03
271671,0.37
271673,15.67
271676,9.42
271679,7.08
271680,17.8
271681,4.45
271684,0.82
271688,16.62
271689,31.18
271690,13.95
271691,5.73
271692,0.43
271697,19.62
271698,116.92
271701,7.7
271702,30.33
271706,3.98
271711,51.37
271721,1.75
271723,25.88
271724,0.72
271726,2.87
271727,1.58
271730,0.48
271731,5.58
271732,0.18
271735,43.53
271737,14.52
271741,44.23
271742,54.53
271745,80.22
271746,9.12
271749,0.28
271752,8.6
271759,18.92
271767,4.65
271770,2.87
271773,0.07
271774,0.18
271776,0.17
271777,40.92
271778,10.53
271779,1.95
271780,1.53
271783,66.7
271788,14.13
271790,0.15
271791,0.15
271794,1.13
271795,0.43
271797,10.9
271799,0.87
271801,0.53
271802,0.78
271803,0.68
271804,122.33
271805,1.58
271809,0.05
271813,0.18
271814,0.95
271818,0.85
271819,1.67
271821,1.2
271823,45.0
271825,43.58
271828,27.92
271839,17.78
271840,0.08
271841,0.78
271842,10.42
271844,12.03
271850,35.7
271854,22.47
271855,2.93
271858,0.77
271861,29.5
271863,12.1
271865,36.47
271866,44.15
271867,19.45
271869,20.62
271874,1.02
271876,5.02
271879,1.43
271880,0.13
271883,135.18
271884,45.07
271886,0.05
271892,0.22
271893,0.48
271894,0.07
271900,47.75
271901,48.78
271906,16.13
271907,0.27
271910,6.55
271911,4.3
271913,32.77
271914,55.83
271919,3.6
271920,0.13
271921,0.25
271926,2.05
271930,13.25
271931,8.22
271933,18.82
271934,164.53
271935,86.97
271936,11.18
271940,2.0
271943,0.37
271946,45.15
271948,36.73
271949,20.03
271952,11.02
271953,0.13
271954,34.23
271957,0.33
271962,4.32
271964,10.43
271966,11.6
271971,14.45
271972,0.85
271975,9.32
271981,1.25
271985,0.58
271986,37.68
271987,0.22
271989,0.12
271993,2.28
271995,0.05
271998,0.15
271999,0.22
272002,15.88
272009,1.15
272010,0.68
272015,0.72
272018,5.57
272019,1.65
272038,7.38
272042,0.33
272044,10.37
272045,12.03
272046,1.28
272047,50.37
272049,0.05
272052,0.47
272054,45.63
272055,36.02
272057,0.33
272060,8.75
272067,0.23
272068,0.98
272074,0.3
272075,0.25
272078,11.02
272080,3.03
272086,112.25
272089,11.07
272093,0.82
272094,0.43
272096,26.9
272097,7.38
272103,18.85
272108,0.08
272113,0.47
272120,10.95
272122,37.68
272123,9.68
272124,51.9
272129,1.25
272131,0.12
272132,0.6
272134,0.37
272135,0.28
272142,46.88
272145,47.08
272146,42.45
272147,21.42
272149,1.45
272154,8.97
272155,67.8
272159,51.28
272163,0.8
272166,2.9
272167,3.65
272170,79.02
272172,1.6
272174,0.6
272176,32.27
272179,0.15
272181,12.9
272184,0.72
272185,28.13
272187,1.15
272188,0.5
272192,2.72
272195,0.22
272200,2.22
272206,0.87
272209,1.37
272210,12.12
272211,16.93
272212,0.28
272214,24.42
272217,0.42
272219,8.33
272225,2.6
272226,2.67
272228,1.13
272232,42.13
272233,1.88
272234,47.23
272236,18.58
272238,35.43
272245,30.27
272248,52.55
272249,0.18
272250,0.17
272251,0.32
272252,20.35
272253,1.42
272257,8.3
272258,113.67
272262,2.32
272266,10.87
272267,45.83
272269,2.93
272274,41.13
272276,1.08
272285,0.08
272291,53.17
272292,12.58
272294,7.42
272296,25.07
272301,0.23
272304,0.08
272305,11.08
272307,0.22
272309,0.23
272318,1.88
272319,1.18
272325,10.28
272326,4.75
272327,1.18
272328,10.68
272329,17.72
272330,114.33
272333,5.4
272335,8.37
272337,0.65
272338,25.18
272339,0.1
272340,46.43
272341,0.55
272342,66.43
272345,7.03
272347,0.55
272348,31.35
272349,13.82
272355,25.32
272361,81.85
272363,30.27
272371,91.98
272372,15.55
272373,3.33
272375,6.57
272376,0.42
272381,0.2
272384,0.43
272389,16.37
272393,1.18
272396,0.2
272398,1.53
272399,32.13
272402,62.45
272404,11.07
272405,21.62
272420,1.03
272426,0.2
272427,19.08
272432,67.43
272433,4.23
272434,40.47
272435,9.5
272439,0.05
272440,12.67
272443,20.88
272445,5.2
272446,4.98
272448,1.8
272449,2.63
272450,102.42
272453,17.22
272457,134.28
272459,0.05
272460,3.73
272464,22.07
272465,1.63
272468,1.5
272470,20.35
272471,46.53
272473,10.3
272475,1.67
272476,33.93
272477,0.22
272478,17.33
272482,18.77
272495,29.28
272496,53.65
272501,51.32
272506,17.87
272507,16.1
272513,0.35
272514,7.52
272515,10.3
272516,1.18
272518,5.28
272521,0.12
272523,1.13
272526,0.8
272527,10.77
272528,32.02
272529,49.75
272531,10.48
272532,21.65
272533,0.22
272536,1.37
272541,0.27
272546,2.22
272547,12.3
272551,44.67
272553,42.57
272554,87.43
272559,1.15
272561,0.25
272566,0.22
272567,2.77
272568,2.55
272571,11.47
272572,22.8
272577,57.5
272582,13.82
272584,6.9
272593,0.4
272595,3.9
272597,29.32
272604,49.98
272607,10.42
272608,39.7
272609,0.12
272610,2.22
272613,8.87
272615,7.43
272617,15.4
272621,2.25
272622,43.6
272623,0.05
272626,105.3
272628,2.93
272629,0.62
272632,45.63
272633,45.52
272636,0.18
272638,12.48
272639,1.2
272642,101.43
272644,20.03
272647,71.0
272648,7.45
272649,1.23
272650,20.05
272652,0.47
272655,38.45
272656,10.57
272657,14.62
272660,6.45
272661,0.55
272662,12.53
272663,4.82
272664,15.85
272666,0.72
272668,0.05
272669,43.7
272671,5.4
272672,37.2
272673,0.93
272675,10.18
272676,39.5
272678,0.1
272679,0.2
272680,0.7
272683,0.8
272688,0.75
272689,0.7
272691,19.05
272693,46.2
272694,6.65
272705,26.7
272709,1.08
272710,0.08
272712,4.63
272713,18.5
272715,1.0
272720,2.63
272722,52.73
272725,22.62
272726,3.08
272728,43.5
272729,23.93
272732,31.2
272733,43.32
272734,20.88
272735,1.58
272736,3.88
272739,127.92
272741,0.62
272742,25.93
272744,0.03
272748,5.77
272749,0.05
272751,1.25
272753,0.07
272760,1.18
272766,1.02
272771,6.55
272772,71.57
272775,6.57
272782,24.28
272783,3.65
272784,66.28
272785,5.93
272788,7.53
272789,17.53
272790,4.28
272794,2.95
272796,12.77
272797,6.98
272800,46.28
272804,19.07
272805,0.33
272806,2.4
272808,97.23
272809,71.57
272810,25.22
272812,6.1
272813,0.6
272815,8.92
272818,11.78
272822,6.15
272824,0.42
272825,5.38
272826,0.28
272827,0.68
272834,0.18
272835,0.38
272837,43.58
272839,38.62
272840,9.73
272844,1.2
272848,0.25
272850,0.18
272851,3.3
272852,0.95
272854,9.63
272856,3.23
272859,8.02
272860,20.67
272861,20.0
272864,17.52
272869,16.5
272873,43.17
272874,5.5
272875,46.22
272878,0.15
272879,58.6
272886,2.18
272890,6.85
272891,0.82
272893,32.82
272895,4.28
272896,45.52
272897,0.6
272899,0.38
272900,2.82
272911,4.07
272915,2.52
272927,43.3
272932,10.38
272934,19.62
272935,0.53
272937,1.45
272944,1.2
272945,76.28
272946,19.98
272949,0.05
272950,0.57
272952,2.17
272954,4.67
272958,2.63
272967,68.3
272971,16.88
272972,10.92
272975,44.53
272981,19.0
272984,33.58
272987,2.22
272993,43.87
272996,0.33
273001,6.43
273002,6.82
273007,23.52
273008,1.4
273009,2.67
273012,6.58
273013,0.42
273014,1.22
273015,13.97
273019,6.22
273020,43.1
273022,3.9
273024,4.82
273026,4.93
273032,1.2
273033,0.72
273035,0.47
273037,0.92
273040,11.07
273041,1.03
273043,19.0
273048,0.53
273052,2.35
273055,2.22
273058,9.38
273059,0.47
273061,7.68
273065,46.93
273069,109.58
273071,0.65
273072,10.23
273073,10.67
273074,7.4
273079,12.5
273080,11.7
273083,60.57
273088,10.9
273092,1.02
273100,2.13
273103,117.65
273105,0.7
273113,7.23
273114,0.12
273118,19.4
273121,126.92
273123,0.7
273124,17.57
273132,5.12
273133,4.87
273134,0.45
273140,104.83
273141,24.37
273142,2.17
273144,2.35
273145,7.23
273146,1.23
273148,3.05
273149,18.57
273150,25.8
273151,134.78
273152,7.02
273157,5.67
273158,21.68
273161,1.08
273163,4.57
273167,0.37
273168,9.13
273172,67.37
273176,0.48
273177,40.28
273179,46.03
273181,0.48
273185,50.87
273186,77.55
273188,48.12
273191,0.73
273192,0.4
273193,0.77
273195,76.65
273197,1.92
273198,5.08
273199,29.05
273201,2.27
273202,2.32
273203,4.8
273204,1.08
273208,9.48
273209,36.32
273210,81.18
273211,11.55
273212,0.73
273213,89.17
273218,0.55
273221,0.48
273224,49.73
273226,2.82
273227,0.18
273228,5.03
273229,19.37
273230,9.48
273231,0.05
273232,14.38
273233,10.37
273234,0.35
273236,28.05
273240,5.93
273241,2.05
273242,6.2
273244,6.22
273245,0.95
273246,44.47
273250,4.12
273251,18.43
273253,0.17
273260,27.3
273261,41.48
273262,7.13
273263,0.5
273266,0.58
273268,87.13
273269,56.48
273272,49.6
273273,106.9
273276,1.2
273278,5.05
273279,48.0
273280,4.6
273287,37.47
273288,0.23
273290,54.52
273293,49.68
273295,13.18
273296,13.9
273297,1.2
273298,3.13
273300,4.53
273302,0.77
273303,38.85
273306,0.85
273307,31.75
273310,0.55
273313,8.33
273314,0.98
273315,10.42
273316,44.53
273318,1.95
273320,8.3
273322,24.7
273325,0.13
273326,11.47
273330,34.77
273331,4.93
273333,6.22
273335,1.35
273336,4.8
273340,13.32
273344,1.02
273345,12.48
273351,18.38
273352,30.9
273354,1.37
273357,0.33
273358,77.78
273359,28.32
273361,7.38
273363,4.42
273367,24.65
273374,1.28
273384,0.05
273385,0.05
273386,1.88
273397,72.23
273400,1.37
273404,82.68
273407,13.15
273410,117.5
273412,19.37
273417,106.27
273420,76.15
273421,0.07
273422,7.88
273424,37.68
273426,0.07
273427,1.33
273428,1.32
273433,1.2
273441,1.73
273442,41.33
273443,42.88
273446,1.02
273447,0.1
273449,0.68
273452,50.07
273454,65.98
273458,57.47
273459,2.23
273462,0.3
273465,18.55
273467,4.05
273469,1.02
273473,51.8
273474,0.73
273475,79.35
273476,1.42
273478,0.62
273480,0.6
273482,28.82
273484,19.03
273489,3.55
273491,0.22
273492,3.12
273502,1.4
273503,0.5
273505,0.62
273509,0.65
273510,5.05
273512,1.12
273514,8.07
273515,0.05
273516,61.22
273520,0.62
273524,0.62
273525,4.17
273526,32.07
273533,0.33
273534,21.77
273535,2.92
273536,0.25
273546,49.63
273553,0.05
273555,0.72
273557,3.73
273562,0.78
273566,19.5
273568,1.13
273572,18.48
273574,11.02
273575,28.63
273576,8.92
273577,0.55
273578,7.68
273579,0.95
273580,166.53
273582,0.13
273585,61.27
273586,3.12
273587,35.12
273590,11.32
273591,8.28
273592,0.05
273596,1.98
273598,0.55
273605,0.93
273607,44.55
273608,6.55
273609,6.58
273612,0.43
273615,0.27
273616,45.95
273617,4.02
273618,0.1
273619,1.0
273620,7.43
273621,46.58
273624,0.05
273626,10.78
273631,0.97
273632,22.25
273633,39.27
273635,10.62
273637,4.07
273640,16.95
273641,0.53
273643,0.12
273645,44.88
273646,1.73
273647,110.7
273648,0.58
273650,39.65
273653,0.25
273656,17.97
273660,0.23
273661,6.95
273667,0.9
273668,16.7
273670,0.42
273678,78.43
273679,43.65
273682,3.02
273683,43.62
273687,13.33
273688,7.58
273693,6.05
273694,0.1
273696,0.05
273700,1.67
273702,10.55
273705,7.38
273708,0.17
273709,0.07
273710,0.52
273712,7.67
273715,3.53
273716,0.45
273719,3.98
273720,89.1
273721,57.38
273722,0.33
273723,36.87
273724,17.28
273726,3.3
273732,0.38
273734,1.47
273735,1.25
273737,1.82
273742,116.4
273747,8.52
273750,0.62
273754,0.85
273755,63.32
273758,0.12
273761,7.4
273764,3.25
273765,10.88
273768,3.25
273769,14.37
273773,67.38
273775,47.42
273780,0.23
273781,1.33
273783,6.02
273785,0.05
273789,33.98
273790,50.22
273794,0.07
273797,3.57
273798,1.42
273800,41.4
273804,2.58
273813,1.2
273814,4.97
273815,3.17
273816,0.58
273818,18.47
273820,1.8
273823,1.02
273824,7.97
273825,15.12
273827,10.03
273831,4.43
273835,36.37
273837,48.8
273843,1.67
273847,1.85
273851,12.37
273852,48.3
273857,4.67
273859,5.23
273867,12.28
273869,20.03
273872,0.4
273876,36.67
273878,50.25
273881,2.27
273882,0.28
273884,1.83
273886,3.15
273887,27.4
273890,0.48
273891,1.87
273892,11.57
273893,0.18
273896,0.05
273905,1.2
273907,63.28
273908,6.48
273910,0.8
273914,6.07
273915,6.43
273924,19.05
273925,11.12
273930,5.85
273931,63.55
273939,1.2
273942,22.85
273946,0.87
273947,0.92
273951,32.18
273955,11.98
273956,0.2
273959,0.77
273960,7.77
273961,1.4
273962,18.37
273964,1.07
273966,0.18
273969,0.22
273970,44.27
273971,51.47
273972,17.5
273974,4.88
273979,4.73
273984,0.15
273986,4.62
273987,34.6
273989,94.13
273990,1.5
273991,61.42
273995,44.38
273996,1.38
273998,1.65
273999,0.18
274001,0.1
274002,4.08
274016,2.42
274019,11.5
274023,1.43
274024,0.35
274028,2.55
274030,6.22
274032,6.4
274035,19.02
274036,0.65
274038,0.22
274040,2.12
274041,1.88
274045,0.72
274053,4.67
274055,6.83
274056,0.5
274058,0.8
274060,82.45
274061,0.12
274062,4.02
274068,0.43
274069,0.15
274074,26.55
274077,19.2
274080,0.08
274081,25.55
274083,5.15
274085,18.67
274086,5.88
274089,7.72
274090,48.57
274099,7.72
274109,13.7
274115,0.1
274116,0.95
274118,1.4
274122,35.45
274124,42.95
274131,4.87
274132,1.23
274133,34.47
274134,6.82
274140,2.58
274143,1.2
274145,0.35
274147,18.85
274152,47.92
274155,2.8
274156,19.03
274159,9.87
274167,1.45
274169,9.1
274170,0.9
274171,1.83
274172,6.5
274173,0.08
274176,1.97
274177,31.83
274180,0.13
274181,0.07
274182,38.13
274184,5.97
274185,1.13
274191,31.67
274192,54.3
274194,24.73
274197,8.38
274202,3.28
274211,4.93
274214,22.35
274217,4.32
274222,3.92
274224,7.17
274226,6.62
274227,10.97
274228,9.37
274231,41.63
274234,0.22
274255,46.08
274257,19.27
274261,67.32
274265,25.27
274267,102.37
274268,1.17
274270,1.18
274271,0.08
274272,97.02
274275,7.78
274279,2.62
274283,4.63
274284,11.93
274286,11.4
274288,0.62
274289,0.27
274291,15.35
274299,16.92
274304,23.4
274309,6.6
274310,1.0
274311,39.12
274314,6.57
274315,18.85
274316,0.07
274317,2.87
274318,5.52
274322,5.08
274324,27.77
274325,0.63
274327,7.73
274330,16.6
274331,9.22
274332,14.0
274334,0.05
274335,28.82
274338,71.33
274339,41.13
274340,98.57
274341,42.7
274342,148.32
274344,0.38
274347,4.55
274348,21.82
274349,49.62
274351,0.13
274353,0.85
274354,46.5
274356,6.65
274362,0.18
274365,5.88
274368,15.17
274369,0.37
274370,21.23
274372,36.43
274373,45.8
274374,2.55
274375,44.93
274376,0.08
274379,30.83
274383,123.7
274386,0.08
274388,10.25
274391,19.13
274392,31.22
274393,99.78
274394,26.73
274395,2.25
274396,3.8
274397,8.27
274398,8.3
274399,12.83
274400,2.17
274403,12.92
274404,8.35
274405,4.03
274406,25.2
274407,7.48
274408,2.97
274409,1.03
274415,0.07
274417,33.97
274419,21.08
274422,32.77
274425,0.63
274429,7.88
274432,29.02
274435,0.42
274437,1.17
274439,16.32
274441,1.35
274442,43.57
274444,2.08
274448,136.72
274450,0.35
274454,1.2
274458,30.22
274459,10.43
274462,88.33
274463,11.3
274464,147.27
274465,11.88
274467,2.97
274468,30.2
274469,43.33
274470,0.77
274472,45.82
274476,7.0
274478,1.15
274479,22.47
274481,0.05
274482,0.58
274484,0.43
274486,6.57
274487,33.02
274491,70.72
274493,0.35
274495,31.88
274496,3.9
274497,0.57
274499,1.13
274500,2.92
274502,18.02
274503,0.23
274507,0.23
274508,1.18
274513,2.02
274514,2.88
274519,0.28
274524,7.93
274526,4.93
274527,50.7
274528,3.22
274530,14.07
274531,37.83
274533,5.03
274537,15.57
274541,23.2
274545,72.77
274547,102.15
274549,33.37
274555,7.75
274560,1.05
274563,1.5
274574,1.23
274578,1.18
274579,16.93
274581,9.73
274582,0.15
274584,7.67
274587,28.73
274588,0.2
274591,1.23
274593,82.87
274598,10.93
274599,15.98
274602,68.13
274603,6.8
274606,1.07
274613,0.67
274614,20.72
274615,23.82
274619,35.88
274624,115.22
274625,0.13
274629,0.17
274633,1.35
274635,1.17
274637,1.57
274638,7.25
274640,2.53
274642,12.23
274644,0.72
274646,15.5
274647,0.05
274650,3.45
274653,6.88
274655,0.58
274656,1.22
274660,1.45
274664,2.77
274665,0.53
274666,0.75
274668,9.22
274669,0.38
274671,11.87
274683,4.68
274685,2.02
274686,1.62
274688,0.17
274689,0.78
274690,10.38
274691,1.1
274692,0.93
274693,12.77
274694,0.38
274696,1.1
274700,0.28
274701,0.57
274702,44.83
274705,14.72
274706,0.58
274707,28.95
274708,0.13
274712,6.35
274713,16.03
274714,4.17
274716,60.77
274721,8.43
274722,12.8
274725,22.75
274726,49.18
274729,0.35
274730,2.15
274731,0.37
274732,1.2
274733,3.55
274739,1.5
274740,8.77
274741,1.23
274742,51.05
274744,36.92
274745,0.25
274747,2.05
274748,0.05
274751,75.02
274756,23.82
274758,0.78
274761,0.87
274762,0.32
274764,2.93
274765,0.05
274767,41.58
274768,5.33
274770,83.82
274771,25.15
274773,1.42
274774,0.78
274777,15.65
274778,0.17
274782,0.8
274785,10.42
274787,0.35
274791,3.47
274793,104.23
274795,0.12
274797,51.23
274799,40.15
274800,0.73
274801,0.58
274807,0.63
274810,6.17
274811,5.8
274812,0.82
274817,6.08
274824,0.05
274827,3.62
274830,1.07
274834,0.22
274835,0.53
274837,0.42
274840,46.05
274841,6.47
274842,3.25
274845,18.85
274846,37.1
274849,0.42
274851,8.78
274855,13.52
274856,1.47
274858,0.72
274859,8.88
274862,1.9
274864,18.82
274867,1.3
274868,1.28
274869,1.27
274871,38.7
274872,13.75
274873,0.27
274874,95.18
274875,61.3
274876,79.62
274877,79.67
274878,35.03
274885,33.9
274886,8.4
274887,12.8
274889,10.45
274890,11.45
274893,3.28
274894,1.0
274895,25.95
274896,66.8
274897,1.68
274899,6.17
274900,1.7
274909,0.35
274910,0.08
274916,4.88
274917,26.83
274919,47.22
274921,50.12
274922,37.98
274923,0.1
274925,7.43
274926,2.27
274927,21.45
274928,1.13
274933,55.2
274938,48.25
274961,12.93
274964,46.38
274967,0.73
274968,0.43
274969,77.45
274970,10.85
274976,10.92
274977,6.77
274980,2.55
274982,1.2
274987,4.35
274989,0.08
274990,85.07
274991,40.75
274997,0.97
274998,0.58
275001,6.15
275004,22.0
275005,52.72
275010,75.32
275017,29.58
275019,17.3
275024,5.43
275027,0.05
275031,44.88
275032,1.2
275034,85.52
275035,13.87
275046,0.15
275051,5.88
275052,1.13
275055,4.4
275058,1.3
275060,57.47
275061,43.17
275062,0.05
275063,27.15
275065,28.58
275067,5.65
275071,1.27
275072,6.53
275074,41.75
275075,34.3
275076,1.4
275078,1.68
275080,6.72
275082,0.05
275083,0.3
275085,0.42
275086,0.77
275087,41.78
275090,1.33
275091,15.1
275102,11.05
275105,0.15
275107,3.07
275108,5.35
275110,1.78
275111,149.27
275116,0.73
275117,1.47
275127,0.72
275130,41.87
275131,27.98
275134,0.4
275135,56.28
275142,6.55
275147,110.7
275149,16.88
275152,0.1
275153,6.58
275155,6.67
275156,0.9
275157,2.58
275161,3.12
275167,3.88
275178,7.55
275180,0.27
275181,92.65
275184,5.17
275185,3.45
275186,1.4
275187,0.82
275188,0.7
275189,0.27
275195,0.2
275196,4.58
275201,2.68
275204,2.27
275208,10.85
275210,33.57
275211,38.67
275216,74.35
275218,1.93
275220,2.08
275225,36.22
275227,6.43
275229,2.97
275230,0.23
275231,1.37
275232,30.27
275233,22.92
275234,0.07
275238,46.67
275239,10.88
275240,0.95
275243,17.6
275244,3.52
275248,2.15
275250,9.83
275251,0.38
275254,3.75
275255,62.27
275258,50.65
275259,48.85
275260,6.1
275261,0.53
275263,1.67
275265,2.23
275266,0.73
275267,0.05
275271,22.23
275272,116.85
275278,0.87
275279,0.57
275281,42.58
275283,5.37
275284,11.55
275288,0.05
275289,3.18
275291,3.53
275296,0.12
275298,67.98
275299,32.83
275300,19.12
275301,2.4
275302,2.53
275306,10.98
275307,2.65
275310,19.62
275311,55.83
275312,0.52
275313,1.13
275314,0.53
275315,1.13
275316,20.38
275317,47.28
275320,0.73
275324,65.67
275325,22.15
275330,4.98
275332,5.18
275333,44.42
275336,14.58
275338,3.75
275340,0.7
275341,0.48
275342,0.32
275344,6.68
275348,0.12
275350,2.17
275352,1.92
275353,7.2
275356,0.23
275360,49.73
275364,2.18
275368,0.28
275370,38.13
275374,13.1
275381,1.52
275387,33.05
275388,0.77
275390,23.73
275391,8.57
275395,6.87
275399,27.85
275400,0.1
275401,1.37
275404,135.47
275406,0.6
275407,1.2
275409,0.15
275410,17.9
275411,0.53
275414,121.92
275418,1.2
275419,0.12
275420,0.22
275423,0.1
275424,20.27
275425,35.17
275429,59.88
275431,32.03
275432,85.15
275433,0.15
275434,0.73
275439,0.45
275443,56.67
275446,6.27
275447,38.3
275448,4.83
275451,0.08
275453,0.18
275456,0.92
275461,11.15
275462,11.88
275464,1.18
275465,43.53
275466,75.15
275469,1.37
275471,58.05
275477,9.13
275485,2.03
275488,2.48
275492,14.33
275496,9.82
275502,11.93
275504,3.55
275508,0.72
275514,4.7
275515,7.7
275517,0.87
275519,11.03
275526,18.67
275528,0.77
275530,0.6
275535,58.58
275537,0.93
275540,0.17
275541,1.33
275544,7.77
275550,3.67
275553,1.13
275555,1.32
275558,0.5
275561,17.88
275562,0.22
275564,69.38
275569,51.13
275578,0.55
275579,58.67
275586,69.37
275587,2.23
275588,10.28
275594,40.25
275595,1.53
275608,0.3
275610,0.05
275617,2.83
275626,3.28
275632,39.58
275635,6.55
275636,3.47
275640,0.63
275641,4.9
275645,1.63
275653,0.42
275667,3.85
275669,0.07
275691,1.18
275693,0.98
275701,28.77
275702,10.55
275708,25.03
275711,18.5
275713,6.22
275714,11.67
275715,3.33
275716,50.87
275721,94.13
275722,0.7
275723,14.45
275724,2.87
275725,15.15
275728,0.05
275732,0.07
275734,8.73
275738,48.32
275739,1.15
275759,7.03
275764,11.28
275772,0.22
275778,28.43
275779,4.47
275782,8.6
275786,54.03
275789,6.78
275790,30.6
275793,0.7
275798,24.62
275800,4.6
275804,2.23
275805,1.75
275811,33.87
275812,0.75
275815,0.67
275816,0.25
275817,3.83
275819,0.48
275820,70.17
275829,0.35
275830,0.55
275832,3.37
275834,115.1
275836,0.07
275839,42.95
275841,14.32
275843,4.33
275844,0.45
275849,2.63
275855,33.45
275856,12.17
275857,0.45
275859,3.47
275860,7.35
275861,0.35
275863,1.5
275864,88.88
275865,0.75
275873,0.4
275874,1.03
275876,1.5
275878,1.53
275881,0.6
275882,8.53
275883,1.4
275885,0.63
275887,0.25
275889,32.78
275891,6.68
275893,0.48
275895,0.28
275897,1.12
275898,0.12
275901,0.2
275904,1.43
275906,0.2
275907,0.72
275909,0.97
275911,0.08
275917,10.42
275918,2.93
275919,3.77
275920,0.23
275921,0.5
275925,0.8
275930,4.7
275933,0.3
275935,1.9
275936,0.23
275939,20.7
275940,6.63
275941,0.48
275942,3.13
275944,11.55
275947,50.15
275948,0.43
275950,0.77
275951,0.37
275954,0.18
275955,0.18
275962,8.58
275968,44.57
275969,46.45
275971,0.18
275973,0.22
275975,1.28
275979,1.1
275981,43.1
275987,4.22
275995,0.8
275997,0.38
275998,1.45
276002,2.78
276007,0.77
276010,10.32
276011,19.35
276015,1.07
276020,10.27
276022,2.42
276026,0.22
276035,3.6
276037,15.3
276042,0.05
276046,2.08
276047,49.22
276049,1.02
276051,34.55
276053,0.6
276055,0.52
276056,41.52
276060,0.93
276071,38.2
276075,2.52
276078,4.43
276079,9.5
276088,13.75
276092,0.05
276094,68.8
276095,0.77
276101,6.57
276105,43.02
276107,0.7
276108,3.8
276116,43.5
276120,0.57
276121,0.4
276123,33.88
276128,26.83
276129,5.3
276132,6.27
276138,3.88
276140,3.97
276144,0.05
276146,1.25
276148,10.42
276149,1.03
276154,1.25
276158,7.17
276159,10.07
276160,19.68
276163,19.92
276165,0.9
276167,8.93
276168,41.63
276170,10.07
276172,0.33
276175,2.33
276179,0.08
276180,53.6
276184,14.3
276185,26.48
276191,10.85
276192,10.87
276194,6.18
276196,0.13
276198,8.45
276201,6.53
276202,5.08
276203,2.92
276206,46.97
276209,74.48
276211,0.1
276214,1.58
276220,60.98
276223,2.67
276230,19.88
276231,59.92
276233,3.18
276235,1.7
276237,0.43
276240,6.57
276241,0.08
276243,9.4
276244,0.05
276248,5.7
276250,0.3
276254,0.82
276256,18.03
276258,4.9
276259,0.27
276262,1.5
276264,10.07
276267,1.35
276269,0.57
276273,0.42
276275,32.9
276278,1.15
276283,4.33
276285,6.4
276291,33.78
276292,0.68
276296,3.75
276305,16.85
276306,2.68
276310,8.8
276313,1.38
276314,3.2
276315,3.15
276316,1.95
276317,30.58
276318,1.48
276320,2.1
276321,0.78
276322,6.18
276323,10.42
276326,6.38
276327,0.12
276330,0.4
276331,6.57
276332,0.07
276334,9.4
276335,21.6
276339,1.2
276340,4.33
276346,24.53
276347,4.22
276348,16.98
276351,1.02
276355,145.67
276356,10.12
276359,0.57
276361,1.85
276362,0.1
276370,46.02
276373,0.13
276374,25.57
276376,0.15
276378,16.53
276381,15.42
276385,20.35
276387,0.87
276388,1.17
276392,12.97
276394,0.08
276396,35.53
276399,5.88
276400,1.02
276402,1.25
276404,0.6
276406,0.5
276407,0.12
276408,15.87
276409,1.77
276410,1.95
276413,1.08
276417,7.75
276430,12.9
276432,0.53
276437,6.28
276438,7.85
276440,6.27
276442,34.43
276445,40.92
276447,0.22
276449,29.57
276452,44.17
276453,2.87
276456,1.18
276457,0.08
276465,0.23
276466,33.08
276470,31.82
276473,4.88
276476,28.9
276481,13.43
276484,8.23
276492,0.87
276493,3.32
276498,6.03
276502,3.03
276503,1.13
276504,0.37
276505,44.92
276509,0.33
276517,6.08
276518,10.03
276519,35.93
276521,2.35
276522,0.5
276524,0.6
276526,4.05
276530,0.48
276531,12.72
276533,1.13
276535,13.58
276536,0.55
276537,0.62
276538,36.95
276539,0.35
276540,3.45
276541,25.38
276544,1.57
276545,38.07
276547,2.5
276552,0.15
276559,40.43
276560,54.37
276567,0.58
276568,0.23
276569,0.63
276572,0.18
276575,6.92
276578,1.42
276581,18.42
276583,6.57
276584,55.52
276587,64.7
276590,42.12
276591,33.08
276597,10.13
276599,6.52
276600,3.15
276602,21.2
276603,3.9
276604,0.73
276606,0.4
276608,3.98
276612,0.17
276613,2.53
276614,4.48
276619,41.12
276620,6.3
276621,0.22
276624,18.95
276626,1.62
276627,51.87
276630,3.95
276631,1.13
276632,44.1
276634,5.45
276637,5.4
276638,0.3
276642,0.67
276646,0.15
276650,9.92
276652,4.7
276656,1.1
276659,55.22
276661,7.47
276663,31.37
276664,76.63
276665,37.53
276667,1.23
276668,1.13
276669,17.65
276670,6.93
276676,5.68
276678,0.27
276683,0.17
276684,9.85
276685,2.55
276686,0.17
276687,60.27
276692,31.6
276693,0.75
276694,27.3
276700,45.0
276701,0.67
276705,1.2
276710,0.17
276712,0.43
276713,0.55
276717,0.38
276721,91.32
276725,3.57
276728,41.22
276740,49.25
276744,29.68
276746,0.48
276753,9.17
276756,25.22
276757,0.07
276759,4.02
276761,2.87
276766,0.57
276767,0.87
276771,0.05
276772,9.97
276774,1.32
276777,0.63
276780,2.0
276785,27.87
276786,28.52
276790,47.4
276792,2.3
276793,2.08
276795,44.52
276800,15.4
276801,3.32
276802,18.92
276806,1.12
276812,0.1
276813,3.08
276816,3.85
276817,2.48
276820,0.65
276826,17.58
276827,4.2
276832,41.72
276833,0.12
276835,33.43
276839,9.95
276841,13.6
276844,10.57
276845,0.7
276847,17.43
276848,25.82
276849,39.28
276854,0.45
276856,1.15
276858,2.07
276860,5.02
276864,5.02
276868,27.37
276873,0.07
276874,26.22
276877,42.53
276878,50.25
276879,38.98
276880,0.32
276888,29.8
276890,6.57
276891,0.95
276899,7.4
276904,3.5
276906,8.53
276907,2.78
276908,2.7
276909,10.15
276911,54.7
276912,2.52
276917,32.87
276919,0.68
276921,1.43
276925,4.47
276929,6.3
276931,4.73
276934,14.7
276937,0.2
276939,0.95
276943,0.7
276945,0.08
276947,15.02
276949,1.33
276950,0.78
276954,1.58
276955,1.77
276957,3.03
276966,28.42
276976,1.03
276978,1.27
276982,6.52
276983,0.68
276985,6.6
276987,14.22
276989,0.07
276991,0.25
276992,0.22
276994,1.1
276995,0.48
277000,50.58
277001,1.13
277002,4.52
277003,0.1
277004,3.75
277009,6.22
277010,37.33
277011,28.92
277014,43.92
277018,0.25
277019,98.42
277020,0.5
277021,20.38
277022,0.17
277024,132.07
277027,24.57
277029,71.4
277032,41.05
277035,52.25
277038,17.37
277039,23.13
277041,0.83
277043,1.63
277046,1.4
277050,72.78
277055,5.85
277057,0.12
277067,10.53
277069,1.03
277074,1.28
277076,0.37
277083,1.27
277086,48.03
277088,2.5
277089,1.63
277092,32.65
277094,2.8
277096,0.18
277101,2.72
277102,1.82
277103,51.92
277104,4.28
277107,31.17
277113,19.13
277115,0.08
277116,27.43
277118,1.03
277120,8.83
277121,0.2
277122,48.62
277127,0.08
277129,45.25
277132,0.55
277133,20.97
277134,0.93
277136,0.63
277140,1.68
277141,0.98
277143,21.85
277145,10.33
277147,0.53
277149,8.2
277150,32.2
277152,10.22
277155,1.85
277156,3.5
277157,1.23
277160,1.45
277161,44.77
277162,0.07
277167,14.97
277173,0.05
277175,0.53
277177,51.72
277178,21.02
277179,1.02
277180,0.68
277181,20.92
277187,0.38
277194,0.48
277197,18.73
277201,0.2
277205,3.07
277207,7.35
277210,14.12
277213,0.22
277215,1.2
277220,7.95
277221,109.9
277224,1.42
277225,7.65
277227,2.27
277228,0.05
277229,12.9
277230,0.63
277232,20.75
277237,0.1
277239,0.32
277242,82.15
277244,0.28
277245,22.6
277253,1.1
277259,5.93
277265,33.12
277266,8.2
277267,79.12
277269,0.22
277270,1.48
277272,1.07
277274,41.07
277275,1.47
277278,0.52
277281,0.62
277287,43.55
277288,5.88
277293,2.5
277295,2.1
277296,1.07
277297,9.87
277299,8.35
277301,84.23
277302,0.75
277303,0.97
277306,1.2
277307,1.07
277308,5.18
277311,0.75
277314,44.7
277318,0.83
277319,10.87
277323,103.7
277324,41.08
277325,25.65
277326,0.07
277331,28.23
277332,1.2
277334,1.15
277339,7.95
277340,2.8
277341,31.07
277342,0.3
277345,0.27
277346,49.12
277347,0.95
277348,26.47
277352,0.17
277353,6.72
277354,3.25
277356,9.88
277360,0.43
277362,12.13
277363,26.87
277364,15.35
277365,1.32
277367,1.13
277368,0.65
277373,1.2
277376,7.03
277377,43.0
277380,47.42
277381,1.37
277391,69.15
277394,48.77
277395,117.02
277400,1.08
277404,0.43
277406,2.15
277407,0.27
277409,17.6
277411,40.55
277412,67.88
277413,13.05
277418,0.2
277420,10.72
277422,39.97
277423,7.43
277426,0.27
277429,48.42
277430,0.37
277431,0.32
277433,17.35
277435,30.75
277437,0.18
277439,0.3
277441,2.25
277448,61.95
277449,5.13
277451,0.15
277452,2.08
277453,0.17
277455,1.57
277463,1.87
277465,2.6
277468,65.78
277470,1.17
277476,1.2
277477,8.97
277479,52.37
277480,0.78
277484,1.67
277488,4.98
277489,0.72
277491,32.98
277492,167.85
277496,2.67
277498,10.8
277506,0.62
277507,10.13
277515,6.77
277518,8.03
277519,1.63
277527,49.87
277528,40.67
277529,19.7
277531,0.33
277534,23.42
277538,0.22
277540,0.73
277541,0.75
277549,1.53
277551,6.88
277552,0.52
277553,2.18
277554,7.35
277555,3.13
277560,0.18
277566,10.28
277571,34.48
277572,13.8
277573,33.18
277574,0.05
277579,0.3
277580,1.72
277586,0.95
277589,6.78
277592,4.75
277596,19.4
277599,10.92
277600,6.37
277601,1.47
277603,44.07
277605,28.82
277607,6.5
277612,11.68
277615,0.13
277617,3.77
277619,7.13
277620,52.82
277621,29.87
277623,78.25
277625,0.32
277626,0.07
277638,49.33
277640,44.88
277641,0.25
277642,10.97
277645,2.97
277646,2.63
277650,29.17
277651,1.47
277652,1.2
277653,2.05
277654,31.42
277656,122.57
277657,41.02
277659,14.13
277660,35.8
277663,33.88
277665,48.63
277667,14.0
277669,0.3
277671,8.42
277672,0.35
277673,5.95
277676,33.77
277677,43.35
277682,26.7
277685,21.23
277692,1.7
277695,2.12
277697,0.6
277698,29.62
277702,21.05
277705,132.02
277712,10.03
277714,4.88
277721,28.27
277723,64.67
277724,0.12
277725,65.82
277727,69.62
277729,0.53
277730,0.63
277735,0.12
277737,7.82
277738,1.25
277741,41.78
277746,8.2
277748,0.77
277749,34.83
277750,0.92
277756,0.2
277759,4.93
277761,0.13
277763,26.63
277764,0.07
277765,3.55
277767,7.5
277768,1.2
277769,25.6
277776,27.5
277780,3.17
277782,72.38
277785,2.83
277786,0.08
277787,41.35
277789,20.88
277790,6.38
277796,1.42
277797,2.1
277798,0.05
277799,1.12
277800,42.92
277801,5.23
277802,5.73
277804,94.43
277805,17.43
277806,37.08
277809,1.48
277816,86.35
277817,24.83
277820,6.32
277823,0.88
277827,73.98
277834,1.72
277836,0.3
277841,37.42
277843,0.28
277846,27.1
277848,0.32
277856,15.13
277860,10.6
277861,1.63
277862,1.13
277865,5.45
277868,1.3
277869,1.67
277871,4.38
277872,3.08
277875,1.57
277877,0.55
277879,0.43
277884,0.68
277886,43.65
277887,10.65
277888,46.53
277896,12.95
277897,6.2
277898,1.63
277900,0.62
277903,37.12
277904,9.78
277905,0.25
277908,4.23
277909,0.67
277910,4.83
277913,2.38
277914,2.02
277915,0.95
277916,0.62
277920,0.25
277921,4.35
277926,7.13
277927,14.2
277929,60.33
277931,0.08
277935,31.7
277938,1.2
277943,0.35
277946,0.08
277951,33.9
277955,0.75
277956,1.18
277958,3.8
277960,0.27
277961,32.52
277962,64.08
277965,11.65
277966,28.22
277967,4.7
277968,5.2
277969,0.1
277970,0.22
277974,21.57
277978,1.13
277979,0.05
277981,9.98
277983,44.97
277987,0.15
277989,25.88
277991,5.35
277993,3.42
277994,27.17
278000,10.0
278004,0.15
278017,0.77
278021,8.0
278023,0.2
278024,6.97
278025,0.68
278032,44.43
278039,73.42
278040,0.87
278043,0.2
278044,13.42
278045,18.77
278046,1.13
278048,13.9
278050,0.2
278053,0.75
278054,0.05
278058,0.1
278059,0.6
278061,0.55
278062,1.07
278063,40.63
278072,18.55
278076,0.05
278077,18.2
278079,1.33
278084,2.52
278085,0.15
278088,40.45
278095,6.27
278096,1.32
278099,0.37
278100,0.1
278103,0.45
278105,1.33
278106,0.05
278107,6.08
278111,9.65
278113,49.5
278119,39.05
278120,10.17
278126,39.75
278128,4.32
278130,27.83
278131,10.42
278133,0.37
278134,0.95
278135,4.78
278136,11.13
278139,2.32
278140,2.6
278144,0.28
278145,6.73
278147,3.27
278154,0.35
278156,2.12
278157,22.3
278158,13.18
278161,54.32
278163,4.27
278166,5.68
278167,0.15
278170,5.12
278172,0.65
278180,8.12
278183,0.65
278185,5.28
278187,2.27
278188,6.57
278191,40.05
278192,63.67
278194,39.73
278195,10.07
278199,31.43
278200,0.17
278203,1.22
278208,42.98
278210,1.98
278212,1.13
278213,65.88
278216,25.42
278220,20.05
278221,0.13
278222,0.23
278224,132.57
278227,44.6
278230,6.45
278231,6.63
278238,6.57
278241,9.85
278242,5.22
278243,14.65
278244,0.27
278245,0.93
278248,0.13
278249,0.08
278253,46.22
278254,16.13
278256,14.8
278258,1.13
278259,31.93
278261,8.7
278263,6.28
278266,6.62
278267,1.95
278271,32.17
278272,36.73
278275,46.0
278279,0.33
278281,15.8
278284,40.78
278288,62.95
278289,2.8
278290,26.42
278291,10.42
278292,0.47
278294,11.35
278296,10.2
278304,1.87
278305,0.2
278311,2.78
278313,3.15
278316,0.33
278317,1.17
278318,0.6
278320,5.43
278321,6.42
278324,74.78
278328,0.98
278330,27.52
278331,0.18
278336,6.18
278338,48.73
278341,0.25
278350,0.2
278351,1.2
278353,57.35
278355,6.22
278361,11.25
278364,5.62
278367,6.43
278370,0.58
278371,28.77
278372,9.57
278375,15.95
278376,2.72
278380,17.67
278381,10.02
278385,60.32
278387,68.3
278388,4.38
278392,6.67
278397,5.63
278398,76.87
278400,92.38
278403,1.07
278404,9.23
278406,2.2
278408,11.17
278409,10.83
278412,0.58
278413,10.92
278414,1.5
278416,4.1
278419,1.22
278421,31.35
278423,1.17
278428,6.18
278429,0.37
278431,6.97
278432,6.07
278434,53.62
278436,4.93
278438,0.2
278439,0.7
278440,39.57
278441,0.05
278448,9.87
278450,39.83
278454,0.23
278455,24.62
278456,2.22
278460,19.4
278461,1.87
278463,20.1
278464,0.22
278465,0.65
278471,0.05
278475,0.05
278479,0.53
278480,29.27
278482,0.2
278486,30.62
278496,15.17
278499,1.97
278500,0.37
278503,0.77
278504,1.52
278506,13.77
278510,0.33
278512,0.28
278514,0.38
278516,1.73
278518,0.4
278522,1.2
278523,30.22
278524,2.42
278525,9.78
278533,1.3
278534,0.77
278536,44.0
278545,6.63
278548,1.2
278550,2.93
278556,10.53
278562,4.67
278564,10.78
278574,0.43
278575,0.8
278576,55.88
278585,44.93
278591,1.25
278592,0.73
278595,13.35
278598,12.23
278601,0.75
278603,48.28
278606,21.95
278611,20.0
278612,5.87
278613,85.42
278615,27.18
278617,33.7
278627,19.5
278628,44.97
278631,0.35
278638,1.48
278639,6.43
278644,0.57
278647,70.93
278654,0.67
278661,0.8
278662,98.15
278663,6.18
278664,25.92
278667,14.07
278670,1.48
278673,0.07
278679,36.02
278680,6.57
278681,0.25
278682,11.15
278687,27.5
278690,4.02
278691,66.85
278696,0.2
278697,2.87
278699,73.0
278706,2.17
278710,49.72
278711,0.2
278712,4.15
278713,0.08
278714,7.63
278715,19.62
278721,0.53
278722,2.22
278725,1.22
278726,54.75
278727,79.93
278729,0.05
278730,13.48
278731,60.97
278732,1.2
278740,97.58
278741,12.32
278742,109.25
278743,28.37
278744,56.72
278747,1.88
278756,5.43
278757,0.32
278760,34.53
278761,0.4
278762,26.28
278766,0.73
278770,1.17
278771,7.3
278772,1.02
278773,0.28
278776,20.02
278779,6.62
278781,0.07
278782,44.77
278783,2.42
278784,0.22
278789,11.87
278797,5.18
278799,0.72
278800,10.88
278802,22.83
278804,2.3
278806,0.28
278810,44.77
278811,22.1
278814,4.18
278815,94.7
278823,131.67
278824,5.17
278827,30.33
278828,50.4
278830,38.0
278833,44.23
278834,0.28
278836,25.02
278840,6.67
278842,2.45
278844,55.67
278845,7.37
278846,0.3
278848,0.08
278849,1.47
278850,6.95
278858,0.25
278861,105.02
278866,0.08
278867,69.5
278870,46.78
278871,0.18
278873,35.77
278877,1.35
278878,0.42
278880,0.12
278883,0.93
278887,1.15
278889,0.07
278891,10.35
278894,38.75
278895,6.57
278898,49.45
278899,14.68
278901,0.9
278902,0.97
278903,52.97
278904,4.48
278907,1.07
278914,21.07
278917,4.73
278918,3.13
278919,17.88
278920,40.6
278921,0.52
278923,3.5
278925,0.47
278926,30.0
278932,0.75
278933,18.75
278938,0.3
278943,1.88
278948,1.33
278949,51.23
278952,19.1
278953,147.0
278955,5.57
278957,7.05
278963,0.43
278965,6.3
278968,34.32
278969,2.7
278970,1.55
278972,53.07
278975,21.93
278976,11.88
278982,6.45
278986,0.43
278987,0.75
278991,0.12
278994,0.22
278997,14.18
278998,1.13
278999,0.35
279000,16.98
279010,8.22
279012,0.1
279016,12.2
279017,0.63
279021,0.15
279023,6.57
279027,0.18
279028,77.48
279031,1.2
279036,2.03
279040,3.18
279042,3.93
279043,0.7
279044,0.1
279045,0.32
279046,1.37
279047,44.32
279049,10.87
279055,64.23
279056,1.13
279057,7.82
279059,0.23
279060,0.05
279063,30.0
279064,0.67
279068,4.95
279071,1.97
279075,3.38
279076,1.23
279077,1.13
279080,0.05
279082,9.58
279083,0.07
279086,4.33
279087,2.1
279088,6.32
279091,26.02
279098,44.35
279101,41.37
279102,0.27
279103,20.32
279104,23.38
279105,113.73
279106,1.02
279107,0.23
279115,41.7
279117,6.8
279118,0.43
279123,1.18
279125,28.18
279126,10.6
279127,14.57
279128,17.12
279131,40.27
279137,19.9
279140,9.8
279144,8.82
279146,8.1
279151,1.13
279153,1.52
279154,6.48
279155,13.72
279161,6.05
279165,3.53
279168,0.25
279169,89.25
279170,0.12
279178,52.67
279183,6.03
279185,0.1
279189,0.65
279190,41.22
279193,150.95
279194,2.12
279196,41.8
279197,37.68
279200,0.75
279202,0.05
279205,17.58
279206,4.85
279209,16.42
279210,9.1
279213,5.28
279217,0.98
279219,10.17
279221,2.37
279223,0.3
279224,5.0
279229,18.98
279230,0.3
279231,60.97
279232,0.45
279233,6.58
279242,40.35
279243,19.6
279244,54.07
279249,1.4
279251,0.17
279255,0.8
279256,3.53
279260,20.75
279261,6.53
279262,0.73
279263,0.1
279265,30.4
279266,32.42
279267,1.22
279268,10.53
279273,0.22
279274,0.12
279275,3.65
279276,0.1
279277,0.52
279281,10.0
279282,7.7
279288,1.97
279290,1.68
279291,6.17
279292,0.2
279293,1.28
279294,4.67
279295,25.13
279296,10.42
279303,39.02
279304,0.32
279305,18.9
279307,4.23
279310,0.33
279318,0.28
279319,0.53
279322,3.0
279324,3.93
279326,4.7
279327,4.9
279328,0.05
279332,7.37
279334,0.48
279335,41.5
279338,0.23
279341,0.1
279343,8.07
279346,6.78
279347,2.23
279350,4.98
279353,65.45
279354,0.87
279355,17.97
279356,80.22
279357,17.92
279359,2.83
279362,0.43
279364,23.95
279365,1.55
279366,0.07
279369,1.78
279373,18.52
279375,21.78
279376,1.53
279378,12.27
279383,0.08
279384,1.38
279387,17.02
279389,3.62
279392,0.72
279395,3.82
279396,33.53
279397,4.28
279398,6.97
279399,0.7
279401,0.5
279404,17.85
279410,0.68
279412,0.35
279414,1.8
279416,0.68
279418,0.18
279419,11.63
279423,8.82
279426,43.78
279427,0.07
279428,12.77
279429,0.27
279430,0.15
279431,1.12
279432,13.5
279435,1.15
279437,2.92
279438,2.4
279441,19.3
279444,14.7
279447,17.02
279448,36.28
279450,1.22
279453,9.65
279454,77.27
279455,0.1
279458,43.07
279459,3.83
279465,3.3
279467,67.07
279469,0.57
279471,44.0
279478,9.23
279479,3.65
279485,38.78
279486,0.98
279489,2.08
279491,0.27
279492,2.83
279493,0.1
279494,1.57
279496,2.23
279497,55.82
279501,1.92
279506,1.15
279507,0.2
279508,0.18
279512,32.63
279513,14.72
279515,9.37
279521,10.27
279527,26.02
279528,17.07
279529,0.42
279532,1.2
279535,59.83
279538,0.05
279540,35.15
279541,0.72
279548,14.03
279549,3.5
279554,6.65
279555,1.02
279562,2.77
279564,27.62
279565,35.32
279566,0.23
279568,13.57
279569,5.35
279572,1.52
279574,4.07
279576,0.28
279579,17.42
279580,0.07
279581,38.55
279582,1.52
279590,0.37
279592,6.57
279595,22.32
279600,47.52
279602,4.3
279606,6.18
279608,26.97
279609,12.32
279610,0.3
279615,45.82
279616,0.32
279621,0.88
279622,0.28
279624,45.42
279631,1.77
279632,0.1
279640,0.82
279644,0.05
279652,1.13
279653,0.28
279655,13.75
279657,0.27
279658,5.05
279661,1.33
279667,6.17
279669,5.82
279675,27.05
279676,7.63
279678,4.98
279679,0.68
279684,27.72
279685,0.42
279686,86.62
279687,1.22
279688,0.47
279689,25.32
279692,0.1
279693,1.33
279696,6.4
279701,17.42
279702,38.3
279703,0.85
279705,6.93
279708,4.83
279719,10.85
279721,0.05
279725,11.0
279726,18.87
279727,7.18
279730,3.02
279735,3.1
279741,50.87
279742,41.43
279747,9.25
279752,57.33
279754,1.02
279757,1.13
279758,20.45
279761,0.82
279762,0.47
279767,1.78
279768,39.87
279772,34.32
279779,6.5
279784,36.37
279787,76.65
279788,3.12
279789,0.43
279790,0.65
279792,1.25
279795,9.37
279796,32.87
279799,65.68
279800,0.08
279801,0.2
279804,1.13
279805,3.55
279806,18.32
279810,3.73
279812,0.33
279813,0.28
279823,5.13
279825,0.25
279835,0.15
279836,1.63
279837,3.2
279843,6.38
279845,1.2
279852,1.75
279853,11.25
279854,6.55
279860,16.9
279862,2.97
279863,3.2
279865,34.25
279866,0.25
279870,0.38
279871,0.12
279872,0.35
279880,1.2
279881,26.77
279882,0.35
